185.441
184.681
189.998
180.713
175.188
186.084
174.848
184.93
182.446
175.353
156.681
199.789
157.133
175.263
193.788
175.14
186.15
188.41
172.478
179.114
162.261
163.607
189.708
178.993
170.963
206.33
175.248
178.639
188.646
173.039
174.391
173.151
203.603
174.079
199.168
181.665
183.681
171.983
187.649
170.641
179.269
163.766
189.618
177.952
165.333
172.991
211.546
188.85
174.362
154.151
172.722
158.533
181.378
199.612
165.975
194.129
158.163
107.611
185.723
182.187
165.889
162.168
176.715
195.458
152.435
159.645
200.609
182.86
179.572
187.653
187.562
165.453
168.937
178.975
166.879
183.562
174.004
160.169
155.003
181.196
181.169
177.788
174.362
174.207
199.175
164.764
181.237
182.386
174.79
195.644
154.727
165.825
172.661
196.368
157.762
165.1
174.879
184.299
172.295
192.726
178.179
168.394
192.816
175.7
167.488
174.063
173.523
172.017
178.037
203.806
192.558
186.518
173.124
186.608
150.535
183.921
194.092
180.195
173.804
204.675
193.813
177.98
176.428
174.969
193.537
177.42
193.252
182.473
184.51
173.778
194.839
152.586
188.229
177.953
179.57
178.097
182.099
201.301
166.056
205.836
173.312
183.36
182.772
170.747
191.124
202.81
169.577
184.972
194.917
177.291
189.523
145.488
176.908
160.602
174.879
176.192
180.875
184.014
160.841
175.15
189.252
183.553
178.905
191.964
177.567
187.427
170.389
200.497
190.701
168.831
172.231
216.243
198.704
182.157
173.739
182.124
180.782
178.764
183.557
175.131
176.071
189.441
191.24
163.179
187.512
168.388
176.811
209.815
194.114
174.321
171.653
149.275
174.753
195.36
164.07
185.376
181.492
201.337
183.27
144.59
158.185
193.622
174.912
184.536
159.667
149.053
191.433
188.048
192.948
170.585
167.526
176.08
182.601
187.42
182.39
169.232
153.636
192.534
176.661
189.841
176.006
168.55
201.185
207.532
214.005
186.93
176.164
163.153
188.08
178.036
187.96
194.69
176.454
195.708
190.993
173.664
164.224
150.322
192.523
188.542
163.691
182.121
150.915
187.419
171.049
198.391
181.937
195.119
179.427
158.832
160.53
186.289
169.459
190.63
191.353
180.152
195.18
177.243
163.849
189.842
162.873
199.844
178.286
202.297
182.296
165.403
198.859
188.726
180.042
172.687
178.219
159.279
140.95
189.282
198.02
203.616
175.884
152.352
141.848
187.201
161.092
154.041
188.525
174.156
177.333
156.93
180.596
181.676
176.983
175.944
167.772
165.692
193.108
173.615
196.66
176.294
168.085
183.575
184.128
180.058
183.094
184.056
180.433
158.583
173.241
150.076
189.639
195.31
151.663
178.798
188.745
189.123
174.335
179.811
193.593
185.198
166.158
197.392
209.326
165.672
163.614
200.136
171.135
167.563
141.805
180.185
174.666
173.451
179.549
167.668
174.702
149.146
213.857
203.36
179.809
180.653
179.022
190.264
197.535
177.737
165.061
183.213
197.622
177.0
213.438
218.744
189.81
161.094
158.285
181.469
165.179
178.516
188.213
185.5
170.85
167.704
201.645
171.732
177.094
175.879
178.096
179.218
191.954
187.762
190.226
175.392
188.98
179.177
185.554
163.131
179.884
181.907
158.139
192.404
203.632
173.434
188.995
188.578
179.253
199.416
186.167
200.087
172.852
167.489
192.407
179.768
176.152
193.867
184.968
185.288
185.264
157.468
200.981
187.923
181.146
168.307
155.2
203.981
174.182
173.161
188.345
223.542
187.276
186.833
174.686
193.904
159.914
186.272
192.609
189.172
180.395
176.362
184.133
184.6
205.358
190.382
178.002
162.522
182.025
175.965
185.886
187.112
183.3
182.612
185.578
188.483
184.174
189.164
186.547
141.185
178.471
193.826
166.0
173.104
167.257
172.286
188.95
197.588
172.746
185.482
184.38
197.955
204.889
198.933
169.193
171.699
199.351
185.66
172.281
147.755
169.418
172.844
198.97
184.398
174.387
170.365
166.34
197.182
151.981
189.3
189.346
188.238
185.583
154.973
173.194
172.034
171.651
188.399
173.161
190.197
191.949
197.488
159.87
204.999
183.19
201.524
176.877
173.193
168.146
184.632
165.836
199.089
188.017
203.158
177.074
173.427
189.828
186.612
165.291
189.01
200.945
193.086
198.51
134.091
175.513
184.17
149.398
186.91
201.919
186.739
164.041
184.815
174.97
180.139
193.227
189.534
188.618
183.294
190.271
186.801
170.805
186.4
171.259
193.474
205.623
162.72
191.758
195.248
180.937
154.819
180.152
207.194
154.986
153.468
195.165
171.125
171.389
190.07
191.64
177.717
161.298
190.02
189.55
187.136
174.835
174.398
197.361
198.74
178.419
173.898
197.255
159.205
172.057
174.936
208.053
197.9
188.871
185.746
154.92
175.587
169.609
179.962
194.392
180.048
225.436
181.395
166.266
198.79
191.388
171.714
190.409
195.137
188.53
189.218
161.392
197.945
176.88
182.893
190.077
193.159
160.931
167.691
165.379
206.44
197.033
191.145
197.995
189.875
185.877
176.354
201.103
184.888
170.03
178.555
159.931
176.136
162.329
189.328
200.399
161.558
166.965
173.527
186.379
192.943
188.6
177.264
171.134
169.615
198.657
181.096
159.787
182.534
195.752
173.608
178.357
181.711
177.547
202.746
156.988
177.203
163.794
163.58
190.364
167.799
165.09
182.006
176.232
165.948
193.273
184.623
174.409
142.301
205.689
192.759
167.581
172.754
163.485
167.147
199.533
193.52
193.774
168.959
182.266
176.376
188.67
195.417
177.246
159.81
146.456
181.801
204.425
160.83
175.544
168.363
178.766
187.254
198.333
161.358
207.456
166.53
176.455
167.147
177.515
182.902
177.536
166.355
201.355
206.156
167.378
211.775
180.711
174.312
172.826
173.044
180.174
206.664
191.262
187.382
165.993
192.613
153.195
167.338
175.316
179.317
183.738
172.98
164.442
170.055
154.416
198.573
216.741
178.811
176.063
184.17
193.943
183.441
174.845
176.183
190.38
189.899
196.33
170.553
172.88
174.845
169.442
185.832
135.542
183.902
184.786
186.116
158.158
201.369
183.783
177.516
171.517
189.46
167.283
207.738
168.846
177.369
199.877
174.47
176.572
160.602
174.434
172.855
171.528
170.256
171.742
204.997
185.633
178.089
173.615
173.685
193.104
165.727
159.943
160.69
181.924
202.486
204.837
188.431
190.389
177.805
166.399
200.279
196.239
180.703
171.761
194.908
188.889
181.64
192.35
188.463
181.235
171.285
174.869
173.226
178.873
194.793
173.423
183.586
203.503
182.477
176.23
192.732
181.348
164.778
162.465
177.148
197.803
187.46
165.608
191.207
173.805
177.111
177.655
176.146
174.283
172.896
165.641
195.447
192.206
163.617
163.236
165.672
192.852
172.108
184.06
184.315
191.191
174.129
162.547
186.973
175.78
187.451
172.009
178.36
172.565
191.243
194.893
190.788
160.054
182.568
200.462
175.207
156.852
179.632
186.432
185.75
170.41
191.957
178.184
192.82
191.409
204.315
177.259
180.951
155.321
161.009
163.505
170.456
182.661
166.898
189.075
200.472
159.67
151.683
165.591
192.813
182.837
172.147
167.513
172.861
171.021
173.782
188.062
179.071
156.787
189.347
199.577
185.202
197.369
174.916
197.964
178.811
182.302
195.054
185.331
186.246
190.62
192.961
181.089
189.507
184.98
191.567
183.605
170.969
177.562
204.546
193.099
196.838
171.868
180.359
160.307
183.645
194.564
176.931
195.39
182.777
186.239
185.815
184.345
177.084
193.259
174.658
187.743
195.764
171.952
196.993
201.237
178.834
174.273
170.789
191.754
196.117
183.455
180.519
201.044
178.855
182.298
165.998
176.461
174.405
184.677
166.454
162.244
185.154
181.097
180.269
160.58
161.712
196.902
209.744
169.663
166.2
179.496
160.816
190.22
154.388
170.307
227.924
185.761
168.226
168.261
178.251
168.112
168.348
193.6
196.634
167.742
189.226
189.718
166.772
166.429
206.163
181.925
182.142
185.336
179.446
200.305
183.22
186.485
170.65
201.072
181.943
175.063
177.853
197.423
167.087
172.751
191.865
186.905
157.625
175.285
177.813
173.161
186.047
177.263
173.23
189.519
175.244
189.59
209.669
190.183
184.489
195.353
211.46
159.769
188.371
191.269
177.781
203.545
171.589
147.584
167.394
206.291
181.256
177.913
181.989
220.53
190.451
167.288
176.056
185.475
162.121
170.543
188.239
207.904
176.55
180.887
165.792
171.89
180.411
164.74
184.273
164.724
184.819
176.687
190.2
181.398
176.751
197.008
181.865
175.118
191.957
202.156
186.814
180.589
172.331
150.868
188.539
188.176
170.163
190.646
184.991
174.294
183.546
178.082
158.099
185.86
164.825
194.91
165.475
196.413
189.627
187.436
188.393
185.896
200.473
163.075
164.688
186.453
205.024
202.205
169.926
190.341
186.005
195.77
182.236
166.423
201.487
181.0
176.279
177.534
182.639
174.362
179.712
167.417
184.231
165.534
171.973
162.49
185.056
195.021
187.712
178.274
166.841
202.914
176.191
174.621
190.608
174.155
169.369
174.563
177.298
173.617
182.427
170.277
194.882
176.286
182.802
165.795
164.734
184.206
172.445
185.415
185.005
167.58
199.253
173.265
181.703
182.549
198.804
187.277
166.466
181.915
189.82
185.294
186.077
207.975
185.398
201.907
171.434
188.91
183.662
208.582
185.539
175.503
194.604
175.622
164.165
186.932
175.129
206.609
185.877
179.471
156.706
172.548
178.384
189.762
172.689
157.257
167.261
191.403
192.519
177.634
159.61
197.688
173.415
178.453
202.196
190.589
175.677
185.753
194.428
176.517
178.436
174.936
168.327
171.998
168.061
186.757
194.228
184.806
189.674
170.927
199.966
186.341
167.05
214.924
163.12
178.871
179.13
168.641
191.731
181.098
177.502
164.134
165.635
170.092
182.416
175.792
180.732
174.119
158.549
178.967
174.715
176.412
163.821
195.671
168.991
194.682
200.97
176.105
191.094
181.159
174.476
163.626
186.399
171.805
195.521
178.688
168.891
192.28
198.702
197.736
197.818
165.289
186.48
182.758
183.245
187.337
190.247
182.324
182.806
182.069
200.981
162.753
186.088
179.087
183.089
168.473
185.877
206.244
186.817
215.525
135.322
172.583
184.243
165.075
180.533
172.98
183.892
178.78
188.145
183.611
187.819
176.714
160.996
166.247
173.276
180.593
187.644
177.868
165.056
167.444
172.421
159.108
164.189
189.331
174.524
189.464
167.081
185.744
189.467
203.328
174.924
167.478
184.914
183.09
162.905
184.013
170.153
203.605
162.32
179.629
187.612
183.523
167.974
200.463
188.682
191.984
191.868
181.137
181.029
195.404
193.427
184.711
160.413
162.426
175.384
153.708
172.104
158.204
167.027
201.139
190.357
162.638
155.967
169.777
176.035
166.85
177.795
175.224
176.029
205.446
172.998
193.5
189.801
165.472
197.711
180.568
176.537
186.857
180.748
182.198
189.199
174.269
203.664
202.947
183.459
171.653
182.016
187.727
180.841
169.786
169.852
177.214
164.386
179.629
176.67
175.423
194.765
178.57
168.07
168.968
176.838
154.853
182.644
175.482
172.589
191.209
184.253
191.496
188.533
198.763
182.585
190.599
174.487
159.728
205.454
161.216
156.568
181.625
170.842
190.307
184.788
198.573
181.093
165.733
166.824
184.745
183.645
195.008
183.146
186.476
196.795
208.623
183.612
171.42
179.754
199.941
193.316
189.241
183.443
168.734
193.264
167.821
176.555
186.786
184.065
197.798
170.336
180.495
165.579
191.871
157.942
190.789
185.022
186.587
200.647
189.476
200.069
189.867
166.369
159.058
165.171
160.068
184.992
194.846
170.359
177.399
182.182
180.438
185.851
196.283
180.47
174.994
186.719
167.26
176.904
175.092
163.862
203.263
185.424
197.808
194.663
201.438
180.535
167.171
197.098
177.539
173.154
177.056
155.609
163.728
180.357
183.872
174.149
169.701
183.715
160.383
196.142
160.404
189.79
190.687
171.089
189.605
157.777
206.955
186.536
191.87
179.582
164.553
154.791
176.883
200.324
167.261
158.284
166.405
189.561
161.151
184.926
182.487
175.558
157.541
195.55
165.032
170.628
167.962
184.382
170.734
163.34
174.369
176.532
175.875
221.996
196.066
204.289
180.137
167.344
159.456
192.133
175.278
205.007
194.381
172.928
187.526
199.73
182.745
170.303
161.231
212.166
169.449
162.701
182.306
194.144
187.44
172.278
178.636
174.042
178.612
164.638
171.708
199.404
197.102
190.101
175.614
170.671
171.648
190.95
193.508
154.818
175.675
166.182
195.392
167.04
197.754
166.477
190.775
181.008
180.754
188.66
178.618
180.628
165.441
151.964
183.867
192.168
183.941
180.01
183.467
176.742
153.884
193.559
181.964
185.699
199.5
178.472
156.214
160.776
207.539
188.039
180.703
157.11
161.906
171.799
194.912
159.958
184.259
176.31
184.338
171.29
177.289
166.561
160.255
195.874
175.711
196.276
179.341
176.813
183.196
206.875
176.654
170.316
190.505
184.014
193.735
190.141
167.57
179.245
170.283
186.233
166.93
169.425
187.841
181.644
186.957
176.049
188.282
209.647
181.246
182.643
174.381
164.727
183.623
157.993
187.473
183.603
198.273
160.807
169.079
182.653
175.304
197.55
167.199
162.065
168.045
222.539
198.889
182.361
172.754
164.916
205.626
181.506
147.986
197.925
184.16
165.169
171.714
173.77
178.809
204.91
191.394
190.613
173.784
167.242
184.914
183.111
176.734
178.275
162.22
178.126
192.975
174.565
175.845
176.426
166.231
187.644
175.534
172.217
178.453
199.139
196.333
195.097
171.738
185.842
175.439
186.977
156.599
191.641
192.087
169.334
159.38
183.709
191.584
180.234
176.255
187.17
169.642
220.713
160.138
173.44
180.708
188.209
192.269
170.069
198.745
199.564
165.284
179.589
182.001
182.769
172.975
149.724
161.137
161.285
183.965
182.192
180.862
198.781
196.164
189.459
173.258
179.806
170.353
215.869
199.152
180.044
159.37
168.282
186.56
196.258
158.893
191.983
169.945
165.444
178.35
187.849
174.704
184.927
191.52
178.103
189.667
195.767
171.082
184.423
194.902
173.816
177.728
194.201
203.064
172.988
165.478
180.665
176.657
174.637
192.59
190.993
177.655
171.857
191.479
194.104
203.634
172.648
170.977
178.415
196.779
195.256
176.484
168.458
180.468
166.964
187.962
195.55
178.876
180.305
170.528
168.384
186.043
194.613
180.473
186.58
175.149
169.297
182.211
169.048
181.62
188.116
187.18
198.677
203.751
184.354
179.299
181.589
192.28
191.53
213.844
155.667
187.543
157.629
179.011
210.962
181.784
180.836
160.912
165.624
193.692
185.498
178.867
172.036
197.874
189.848
192.756
164.252
183.242
169.964
183.769
208.566
153.131
172.389
153.126
209.643
194.202
185.123
198.491
182.071
161.457
181.942
192.7
165.427
175.678
206.258
193.824
172.687
189.321
195.816
202.678
163.981
200.937
169.753
174.265
187.467
160.884
202.201
167.71
163.328
177.001
186.38
187.515
187.002
182.765
212.373
181.262
178.649
205.247
162.474
176.055
176.535
171.798
167.733
221.321
188.289
193.698
169.965
175.412
182.99
164.063
184.281
177.658
165.989
173.742
176.422
197.811
194.519
175.631
185.123
177.614
183.283
188.945
167.891
158.472
178.057
186.481
185.535
163.944
189.352
179.171
189.874
187.937
191.055
159.312
209.758
191.492
176.048
172.383
167.971
191.679
165.424
191.092
197.046
191.147
175.658
193.906
198.92
157.365
159.036
165.387
183.401
198.994
177.331
176.422
185.927
175.449
150.557
183.198
184.681
181.98
203.864
169.344
184.984
171.498
152.633
176.412
163.365
166.88
177.313
153.437
163.958
180.094
177.961
186.976
194.223
176.261
178.256
188.774
191.997
167.615
174.284
188.016
187.808
168.538
193.738
180.599
207.491
174.982
143.936
156.161
185.321
206.394
191.001
161.81
174.851
178.869
191.087
186.058
188.628
189.859
158.995
180.509
197.524
178.976
191.541
171.408
185.804
173.546
194.163
161.617
184.053
197.378
181.555
187.219
201.616
187.329
188.23
169.867
181.276
202.028
172.058
178.881
188.353
175.337
158.941
186.132
169.637
187.259
187.391
174.289
199.629
178.249
190.664
174.635
186.009
182.208
187.766
182.028
159.91
199.69
173.463
198.809
153.957
184.174
171.443
180.412
197.053
177.183
182.054
192.852
181.49
187.768
185.4
158.996
184.461
186.903
187.104
179.311
166.761
188.574
185.943
176.996
193.661
189.187
178.282
177.339
183.031
165.293
213.508
177.21
165.808
195.07
189.04
164.69
180.281
201.181
177.116
186.126
199.116
175.994
173.195
185.457
184.071
172.643
177.454
186.262
198.521
209.014
166.584
177.08
192.669
193.37
166.983
190.807
175.468
189.454
164.957
182.521
158.546
180.748
181.288
161.738
192.244
177.525
173.479
178.569
175.085
202.504
178.399
172.905
185.35
207.136
179.345
179.81
195.04
165.809
170.786
184.197
159.434
172.558
179.272
173.135
162.161
181.956
158.853
184.667
184.823
158.877
195.191
162.366
163.018
193.356
188.926
195.268
196.987
188.566
181.521
145.744
193.83
182.725
184.677
177.332
181.327
212.437
180.118
192.19
198.83
187.919
164.639
169.412
188.768
172.168
175.621
200.665
174.97
185.194
191.736
177.002
198.611
211.317
188.388
181.356
161.907
183.003
167.16
198.258
171.583
171.075
187.591
156.945
177.475
208.883
163.551
138.444
164.27
184.689
180.043
189.22
177.107
177.182
174.546
192.439
218.573
199.729
200.095
203.532
199.526
179.532
183.254
178.758
187.338
174.554
200.88
182.778
177.994
179.965
164.799
155.673
171.467
163.052
180.86
177.645
190.862
188.967
187.152
175.66
156.271
184.558
176.829
178.195
187.196
177.731
178.836
187.213
181.246
212.968
162.052
184.354
195.743
168.613
174.838
198.289
179.224
167.246
175.812
191.28
181.586
175.744
172.379
175.641
178.02
170.38
181.188
196.136
176.574
183.909
178.197
126.495
191.977
204.777
173.758
177.218
170.772
173.852
186.334
170.766
193.824
176.125
181.271
214.801
173.425
191.197
158.85
161.273
166.574
205.442
200.995
178.519
180.986
187.392
191.483
182.791
181.176
181.012
187.965
174.23
178.359
159.184
201.015
190.317
181.871
189.672
213.716
172.223
171.648
156.399
194.715
190.964
183.208
159.204
174.373
187.883
191.641
198.217
167.196
178.921
169.807
174.256
180.637
172.967
178.284
193.494
156.331
184.308
177.977
178.567
178.33
163.327
182.919
162.665
179.943
165.914
181.453
190.651
197.548
191.642
204.632
144.629
186.952
172.681
198.093
161.825
192.763
176.217
173.308
181.467
180.903
148.429
189.077
202.198
190.642
193.457
199.482
183.484
203.601
184.132
174.957
184.351
169.415
172.354
151.887
178.321
172.038
191.988
174.939
164.838
183.406
196.781
178.828
169.646
195.46
173.785
163.78
197.918
171.59
183.998
159.511
180.18
159.099
183.936
171.041
172.576
191.894
168.049
176.765
181.034
192.385
198.896
211.134
188.011
185.929
186.978
163.143
163.764
197.397
195.846
181.31
182.746
162.846
164.542
190.8
166.628
176.255
186.383
170.377
184.478
161.474
205.044
165.664
183.196
203.354
191.275
207.203
174.762
169.546
179.405
191.946
161.38
174.099
194.018
174.69
184.896
159.333
180.812
186.273
192.287
165.375
177.375
177.514
184.391
169.617
189.591
156.983
185.197
186.095
168.968
148.882
191.424
201.148
185.608
172.6
197.664
186.926
170.604
179.787
169.956
167.818
166.721
194.525
177.187
169.132
174.28
172.224
168.107
174.758
186.271
182.288
174.918
162.606
198.185
168.873
166.524
166.211
165.786
163.866
171.419
200.603
168.248
160.834
167.313
172.953
172.426
178.918
165.845
189.913
164.666
184.673
169.573
197.078
181.296
199.859
177.411
162.341
167.051
160.432
178.785
183.985
167.51
178.963
196.511
170.272
191.172
171.43
175.118
171.282
175.153
184.339
196.179
170.217
170.066
177.294
167.537
184.838
191.003
178.858
175.732
172.953
184.549
179.112
201.602
187.339
147.795
185.717
177.237
184.113
165.915
171.135
198.228
181.405
160.619
216.231
158.28
192.817
181.067
184.349
201.645
173.978
168.943
180.919
189.423
172.617
176.391
188.888
185.618
179.584
171.1
191.039
165.071
174.097
191.932
181.955
189.19
190.585
174.575
196.03
150.209
178.02
204.461
188.428
164.985
186.616
183.197
185.025
181.483
168.024
187.604
179.857
184.324
182.007
189.599
178.763
208.462
178.148
173.009
191.665
203.958
194.775
165.702
179.05
203.505
194.983
193.944
181.732
162.923
178.073
174.718
181.023
200.491
161.753
152.646
186.768
167.824
207.388
176.416
198.182
163.598
163.946
188.388
188.361
189.106
185.581
186.493
169.459
186.769
178.004
190.403
177.069
194.304
160.496
192.774
179.892
164.952
180.81
182.605
185.403
186.646
188.156
162.521
188.693
213.005
189.181
188.521
167.892
175.154
181.679
161.777
189.708
177.963
170.223
162.912
173.327
165.021
163.201
200.708
191.236
184.024
165.152
187.192
156.102
166.466
187.574
160.707
166.634
158.431
172.509
200.527
189.047
182.689
178.508
185.776
168.422
200.099
184.39
191.386
171.63
200.189
187.461
172.692
197.656
186.87
161.621
191.6
162.116
189.82
174.176
196.293
216.812
180.197
193.301
204.765
181.724
192.581
169.734
158.196
174.804
174.748
163.719
195.304
191.635
178.509
177.344
191.926
170.579
168.184
194.329
147.37
172.915
192.979
153.361
186.649
174.981
182.379
176.144
199.059
198.647
190.142
180.468
141.694
205.557
179.094
192.363
163.195
180.562
186.573
174.482
197.063
199.215
173.994
170.886
198.161
203.688
183.995
172.341
192.337
160.274
182.061
175.975
180.106
188.49
193.305
189.298
188.536
207.258
183.524
164.083
148.387
193.524
190.765
167.657
180.624
187.142
189.624
191.535
179.499
174.957
177.329
190.055
192.888
184.666
142.25
185.667
165.817
167.281
191.411
200.443
176.71
191.532
202.757
190.123
168.755
177.95
192.674
178.777
183.773
175.859
185.87
200.471
173.721
188.502
204.292
179.955
198.308
144.107
185.398
168.182
162.156
175.974
199.95
144.248
193.31
159.355
169.071
184.081
210.432
167.698
158.343
183.65
177.402
180.474
163.986
194.844
204.308
203.183
184.805
206.296
193.77
165.237
175.111
185.586
160.465
159.031
191.31
177.953
190.252
199.986
173.167
196.212
177.536
181.713
173.909
183.091
181.867
197.222
163.449
172.629
191.431
184.086
176.393
175.376
174.468
182.691
175.146
188.823
180.445
137.631
166.842
192.459
191.513
194.152
196.645
195.006
171.922
183.029
166.044
189.45
177.766
194.596
168.547
189.214
172.056
174.736
177.776
174.956
171.518
186.787
165.813
195.079
168.144
181.661
186.771
191.665
165.325
153.293
185.547
196.172
188.058
187.294
197.782
179.678
175.505
192.737
185.244
190.682
168.381
180.371
176.71
170.364
178.139
172.577
179.627
193.627
204.419
189.999
180.513
204.048
165.295
162.673
180.415
174.675
179.872
185.148
173.54
174.824
197.149
154.986
163.628
167.835
179.235
174.756
180.429
180.336
174.955
193.396
201.431
204.839
155.559
162.368
186.057
164.642
178.03
179.235
172.919
174.067
190.182
173.98
199.33
166.374
181.703
193.398
171.884
158.283
204.142
201.58
187.194
185.68
202.357
170.739
191.912
183.242
199.167
179.487
177.298
192.593
198.508
198.812
157.714
195.47
185.683
168.911
198.737
202.353
181.34
163.697
186.277
178.042
185.698
175.285
168.39
189.801
185.089
175.36
186.63
197.432
180.589
175.327
172.345
167.586
177.777
184.646
194.251
157.749
170.861
158.77
204.837
195.23
193.968
193.209
195.398
192.959
202.765
174.266
181.463
146.908
184.904
181.907
160.202
169.799
190.936
201.363
162.607
152.624
179.561
150.118
189.201
160.106
207.515
181.108
184.843
192.209
155.128
173.298
177.506
196.756
187.67
174.84
174.044
163.121
175.316
178.026
183.345
167.184
178.462
180.469
194.734
156.472
188.624
197.336
164.418
171.637
170.511
157.515
177.49
198.427
168.506
188.776
174.439
193.447
164.279
185.586
169.635
189.394
185.5
198.653
176.569
186.783
191.557
186.857
183.839
162.211
175.762
165.977
191.045
189.726
184.852
171.763
158.444
186.128
156.573
189.875
174.328
190.336
204.41
158.995
194.745
169.96
187.622
193.578
161.024
149.176
174.617
220.081
192.798
160.069
187.174
158.125
180.15
185.296
191.883
155.249
178.698
164.249
191.555
160.912
170.193
168.1
189.359
203.935
204.238
198.559
159.164
193.503
204.731
162.729
184.425
197.078
162.022
165.148
186.284
198.176
197.964
187.74
174.618
161.188
199.181
141.51
187.388
181.9
182.098
180.054
202.931
189.71
197.541
153.248
177.744
185.898
179.983
158.285
168.855
179.96
165.678
185.423
206.539
162.31
172.091
159.495
169.421
131.196
182.709
168.654
207.934
168.413
184.131
184.124
155.131
183.55
175.072
191.087
187.823
181.874
164.88
166.588
171.732
162.675
201.184
178.801
196.648
180.54
184.145
162.603
184.935
177.512
169.08
168.603
179.685
160.781
181.912
189.319
200.544
195.457
171.164
173.313
162.706
193.162
182.029
196.939
206.622
160.203
187.711
152.062
157.757
205.682
202.327
181.564
184.361
176.231
207.977
173.275
205.692
176.628
165.027
188.252
192.824
188.64
178.094
176.593
190.475
174.126
160.238
176.47
150.493
170.089
202.538
172.016
166.952
182.681
207.272
230.177
197.989
185.934
196.632
186.774
169.592
179.253
154.966
188.897
180.719
188.571
163.194
168.668
179.463
192.284
183.129
199.494
192.283
184.974
183.848
198.553
163.804
178.866
200.644
179.242
176.401
184.206
151.667
164.26
164.323
186.865
189.147
158.737
169.546
175.49
209.407
194.735
177.629
187.406
173.985
184.746
176.7
185.526
177.271
170.762
195.238
192.754
210.429
210.695
179.613
183.476
178.847
182.837
206.921
167.855
170.654
191.929
168.384
164.97
185.462
159.653
188.667
175.85
171.796
191.635
176.555
172.112
160.445
188.834
172.161
200.994
210.502
185.929
181.598
197.724
161.691
196.452
187.138
186.456
173.651
194.336
194.606
169.77
168.873
158.018
191.367
196.464
180.17
163.282
168.738
183.468
166.326
180.013
164.125
185.911
176.926
182.097
158.18
185.24
189.682
181.951
171.478
131.494
185.643
167.984
165.726
184.207
164.185
199.634
180.992
167.181
183.26
167.493
175.205
180.474
187.384
174.625
193.601
185.861
171.122
176.957
184.579
194.969
177.933
203.754
207.895
169.147
184.016
197.208
186.897
179.476
172.097
181.5
177.912
175.285
160.94
173.736
194.39
185.532
167.881
177.851
163.951
170.989
177.428
191.713
180.381
179.696
176.251
192.225
182.028
171.477
200.383
175.503
202.31
193.371
205.007
190.527
171.688
183.545
183.528
175.278
175.819
176.288
190.572
188.076
191.007
181.895
155.794
184.706
205.683
155.905
178.559
169.725
182.707
192.506
199.1
175.32
176.321
188.725
190.059
167.419
190.398
189.658
197.588
160.37
192.367
181.33
199.504
181.994
186.479
180.196
189.497
166.71
191.009
202.852
167.629
188.956
164.587
190.558
188.538
199.044
175.143
189.189
178.116
183.296
182.961
202.609
202.789
184.39
178.19
193.21
184.149
181.73
180.529
192.755
199.479
193.602
158.09
174.658
196.603
166.358
196.861
160.793
188.904
169.97
200.394
182.811
167.02
170.742
208.861
177.106
179.045
195.935
206.066
188.611
191.041
196.817
171.167
195.155
171.86
186.506
165.487
207.51
182.275
183.976
181.839
200.962
189.022
183.413
169.023
166.847
190.12
162.33
174.453
191.946
172.389
164.332
205.817
198.908
186.846
169.651
187.674
194.425
199.672
173.978
181.582
178.07
181.881
178.725
189.371
191.487
175.503
193.973
190.275
192.509
192.133
207.591
180.83
183.524
180.557
189.313
175.056
152.909
184.164
200.71
174.399
173.12
173.871
180.852
191.183
166.268
209.455
194.069
196.575
178.737
168.591
203.446
168.201
190.722
192.931
150.406
187.997
186.943
200.585
168.632
168.823
181.205
163.874
192.9
174.57
172.678
176.528
202.407
182.616
181.943
169.18
187.952
184.237
167.622
160.235
166.992
147.661
178.067
166.736
194.728
192.696
194.579
181.704
192.947
176.629
173.208
189.78
208.152
207.865
169.138
161.871
163.102
210.732
172.44
191.694
178.24
191.527
171.628
208.788
176.23
188.075
190.903
170.798
184.697
168.669
169.518
147.026
164.819
169.04
166.368
181.086
197.181
187.546
177.23
188.665
181.421
179.096
181.09
200.639
159.168
183.074
176.15
172.725
190.511
179.582
167.049
157.199
180.87
183.056
197.91
186.123
191.705
169.901
196.682
190.649
172.127
194.105
178.353
190.639
194.218
187.765
192.088
203.591
179.031
192.257
168.417
182.575
179.636
193.571
180.609
159.068
173.397
178.318
192.369
179.029
206.158
140.319
198.87
159.088
179.079
186.897
188.97
179.706
162.799
186.092
192.658
196.337
173.605
170.761
178.431
144.934
185.424
192.995
167.436
192.041
172.076
185.894
176.613
166.036
173.074
171.127
201.128
176.791
182.617
160.017
202.854
176.187
157.138
192.303
190.419
202.181
178.86
182.663
177.371
172.837
165.111
176.044
178.709
166.855
181.393
175.383
190.626
193.823
157.093
186.847
200.322
175.956
155.04
182.943
186.454
206.462
194.653
176.801
151.11
175.923
161.316
201.208
170.077
163.757
164.475
176.425
188.566
172.07
175.161
205.282
149.925
188.072
180.332
185.152
192.328
166.437
144.511
177.954
174.329
185.271
171.814
211.179
176.254
191.47
199.608
166.118
167.067
168.919
176.496
195.086
176.338
182.357
174.309
201.745
182.301
198.86
169.798
189.397
157.797
187.106
151.61
192.021
182.349
180.93
182.775
182.475
189.226
172.526
161.821
182.555
146.354
198.9
198.886
180.883
168.972
163.669
153.851
159.077
187.014
184.143
178.496
176.734
173.047
176.973
203.313
165.669
186.706
170.712
195.094
162.658
202.249
201.0
186.67
186.136
186.731
176.031
190.142
139.585
182.503
197.276
189.234
199.236
169.885
177.008
151.185
170.913
205.007
165.957
161.864
191.943
192.057
191.112
177.93
177.525
181.994
199.691
183.793
180.361
169.928
195.099
204.083
181.555
158.997
168.65
201.197
169.546
171.404
190.959
178.319
162.235
171.674
198.674
158.567
178.656
176.738
180.398
193.39
166.342
179.131
177.945
177.053
185.899
193.126
170.632
190.542
149.665
185.655
166.175
191.116
180.672
171.149
194.268
181.775
181.369
164.642
218.606
199.801
191.477
181.232
172.706
183.002
171.608
196.869
179.717
184.677
182.342
197.113
200.763
183.741
183.502
202.438
186.289
174.447
186.318
173.453
181.281
189.44
182.972
174.513
199.177
177.813
176.878
181.368
191.459
199.578
191.028
155.195
194.032
183.556
196.723
197.249
183.699
158.145
183.318
192.305
160.19
176.402
179.391
159.44
189.744
165.589
175.585
186.898
191.429
177.389
186.023
190.651
174.348
204.226
169.377
162.035
188.311
199.562
202.909
203.929
198.27
173.361
170.963
171.493
170.438
185.931
178.192
175.269
151.905
157.444
190.506
168.247
185.51
169.05
183.941
162.716
165.69
175.61
208.545
184.845
164.46
191.028
177.613
198.365
176.008
185.591
177.593
199.095
187.646
218.446
182.423
168.453
174.54
179.128
163.77
204.485
164.179
192.989
172.422
163.598
166.142
168.65
169.657
155.249
179.954
188.371
165.849
179.872
170.994
182.138
197.897
171.853
178.12
172.71
171.017
199.865
197.631
191.259
152.598
169.669
185.174
174.785
181.742
179.137
168.663
196.371
197.769
192.434
195.135
175.19
177.729
156.8
173.889
174.423
179.147
191.362
212.922
184.858
172.971
212.153
180.383
179.632
180.405
170.195
187.302
165.987
185.909
179.93
165.394
199.099
181.534
189.453
207.514
184.215
166.418
180.933
198.126
193.1
180.773
175.964
207.503
181.122
165.405
169.185
174.685
178.902
177.632
183.102
175.919
170.836
184.141
176.506
170.345
189.873
171.557
182.836
185.214
176.51
189.198
207.51
182.704
181.214
176.871
211.155
182.707
182.625
172.57
198.632
169.731
169.219
179.655
183.875
174.151
192.928
178.408
155.507
184.999
181.659
187.39
172.965
154.822
173.226
166.752
162.352
165.666
182.157
181.05
185.527
174.334
180.474
209.153
197.469
200.287
198.243
174.4
199.611
186.826
184.387
194.904
189.366
186.602
202.57
167.024
193.526
190.881
172.046
177.108
173.269
170.374
182.149
169.919
169.262
207.065
156.002
194.702
180.613
200.132
189.175
181.164
187.831
200.128
192.455
167.213
193.137
191.211
175.661
188.086
212.159
178.031
176.843
173.357
181.516
187.722
181.039
198.224
155.403
182.24
186.116
149.058
172.734
172.85
183.935
180.465
195.558
204.037
182.928
198.811
181.969
186.685
168.361
183.357
171.829
182.398
185.858
177.908
163.462
199.497
184.785
163.144
177.977
162.345
157.031
183.901
185.053
173.262
180.068
188.295
165.914
159.366
194.816
194.429
168.581
187.054
165.582
191.307
188.712
187.973
178.908
195.553
163.414
198.264
181.181
183.013
204.01
201.459
151.095
150.004
195.651
172.115
192.846
172.474
190.005
168.577
194.574
188.522
203.661
169.427
203.288
193.822
148.562
175.98
194.715
200.24
194.773
175.843
194.075
180.517
168.026
194.942
182.841
185.283
173.901
193.769
187.645
160.357
160.559
187.923
166.976
183.911
179.894
200.788
182.099
184.785
176.532
173.04
195.304
196.631
164.125
189.843
194.618
174.882
148.423
184.831
179.633
193.874
179.867
180.657
161.321
170.186
190.1
174.045
187.98
192.026
201.429
197.713
189.132
184.244
192.186
176.79
165.021
184.1
177.017
175.018
175.312
153.119
176.748
167.694
195.867
184.214
180.14
171.691
176.648
182.061
185.914
184.378
175.582
205.747
146.902
169.884
184.428
185.439
182.415
180.509
172.437
189.345
176.089
187.867
169.225
190.295
179.751
187.697
195.666
172.728
181.725
179.808
156.255
169.489
200.043
181.125
215.839
159.8
181.639
178.811
189.607
193.636
175.566
190.54
161.668
170.716
195.363
188.021
179.869
147.527
159.663
167.572
178.907
176.791
178.205
183.421
181.166
184.522
168.086
182.425
179.81
193.505
177.409
162.865
204.779
168.432
168.682
190.661
198.728
185.213
178.686
195.999
179.717
187.594
192.046
163.966
189.698
163.465
181.017
178.768
175.476
177.237
169.773
198.396
191.612
170.233
183.663
169.107
167.67
190.695
185.574
178.436
189.771
185.167
188.089
163.255
156.085
192.84
154.053
199.692
174.287
195.131
190.567
182.903
179.794
158.861
173.523
161.442
177.852
170.043
193.401
152.224
178.277
179.422
187.646
166.865
189.34
189.275
184.633
184.755
191.039
184.151
160.959
161.464
168.621
176.777
186.028
177.252
190.564
200.858
159.754
195.226
201.32
166.255
173.385
201.859
148.01
203.532
164.586
198.722
174.395
160.079
206.134
196.756
165.719
175.119
206.009
220.624
190.022
171.031
179.196
171.847
176.035
167.996
181.057
178.063
190.406
170.517
174.816
189.839
182.068
170.268
183.33
176.398
203.781
189.708
179.012
188.6
189.805
184.56
157.508
210.737
182.491
180.264
189.296
167.707
176.094
198.561
185.168
176.1
172.678
200.379
159.343
194.501
170.462
186.915
152.282
178.111
154.383
173.576
201.462
178.857
190.208
179.591
191.558
200.9
183.524
194.426
189.253
187.906
170.405
179.646
144.599
183.492
176.5
173.711
195.726
175.643
188.92
193.264
154.304
184.271
171.537
164.232
185.121
197.849
162.919
204.425
199.841
184.312
210.531
169.818
175.09
211.374
186.513
184.573
183.501
193.653
185.775
160.038
168.522
174.114
182.987
196.666
179.663
184.91
203.82
169.46
204.405
196.926
178.526
180.804
192.295
183.582
179.69
167.7
171.835
183.792
177.344
165.855
161.137
182.115
180.998
210.297
203.887
185.725
198.949
194.704
172.747
196.299
193.629
170.601
198.463
156.559
178.951
187.8
211.608
160.234
187.09
192.231
197.434
179.035
169.401
198.336
198.916
201.459
188.385
156.889
145.651
203.691
161.331
191.326
183.148
164.314
196.263
194.303
173.841
166.689
193.293
175.938
169.519
164.527
203.561
180.308
193.076
182.693
168.247
148.987
168.785
180.628
185.593
193.818
205.003
183.441
201.781
187.672
200.088
186.645
183.331
183.507
188.641
163.068
174.693
170.72
159.075
176.191
197.038
178.177
189.772
198.577
181.515
175.933
169.942
170.544
175.267
179.005
200.601
165.152
200.895
196.666
172.931
213.704
173.044
171.746
168.398
117.548
201.131
172.132
160.092
165.692
179.336
184.224
172.867
209.96
186.022
177.779
184.422
198.837
181.154
179.115
164.371
180.238
194.649
180.144
167.155
179.071
191.162
179.49
164.041
190.473
177.166
163.587
191.642
196.746
160.451
174.093
160.885
164.469
163.312
159.331
186.788
184.011
213.185
149.011
171.756
183.347
172.443
162.688
188.747
169.259
174.401
176.817
182.816
176.6
168.569
179.573
189.417
173.303
186.425
177.174
168.775
183.1
176.684
186.212
187.87
172.036
199.615
173.895
172.116
193.742
179.108
164.234
185.92
187.922
154.008
173.281
198.209
179.681
165.023
223.766
188.175
173.901
179.597
198.917
163.79
181.672
173.196
194.127
156.146
198.501
200.913
176.251
201.55
188.397
201.028
193.197
158.429
169.945
188.761
166.383
162.424
182.996
198.812
177.861
177.138
212.213
155.577
199.557
178.317
180.796
162.855
178.495
187.31
189.305
175.114
181.718
181.923
163.181
169.591
176.837
187.991
169.541
173.147
173.789
169.497
178.34
192.23
196.736
177.333
173.941
179.523
168.694
175.018
180.651
168.377
177.867
165.431
198.829
168.681
170.998
174.281
172.266
165.266
163.586
179.301
211.536
174.53
177.403
169.74
171.759
171.615
194.174
177.765
186.609
168.88
179.012
165.219
193.434
157.719
177.101
177.086
169.824
181.807
194.991
182.31
156.931
176.985
167.312
197.68
172.094
157.328
159.546
172.435
173.826
174.251
164.247
175.266
195.451
190.145
171.98
178.581
181.539
189.339
193.393
193.761
185.931
166.15
177.353
194.963
174.074
186.045
204.32
184.526
208.903
154.08
189.239
175.184
183.567
193.258
180.153
152.351
189.461
199.821
166.857
174.951
133.437
190.267
160.818
194.915
176.22
196.887
143.004
180.637
193.513
157.239
195.663
180.292
165.353
157.887
157.878
142.29
189.478
177.278
187.304
175.953
173.902
169.228
186.049
193.032
200.355
174.245
211.813
186.619
193.958
162.694
156.63
197.844
175.577
184.897
184.869
163.156
192.365
202.744
162.333
168.812
200.595
192.241
195.726
180.924
205.101
175.933
178.49
188.449
174.743
167.989
199.817
164.932
178.206
168.479
174.139
190.444
189.605
170.06
181.012
179.985
173.722
214.932
166.892
200.626
200.355
180.533
194.596
194.577
185.361
178.018
179.145
162.255
194.056
190.051
181.514
177.836
170.0
163.425
156.468
189.387
182.426
160.88
190.585
176.637
184.476
176.299
184.825
201.757
182.055
204.287
167.362
189.493
180.75
168.369
180.6
182.688
221.886
168.7
188.174
179.975
184.427
178.808
161.305
145.481
187.118
168.108
160.042
184.4
189.162
182.518
139.034
178.997
194.796
168.171
166.595
184.095
178.996
178.337
196.928
184.535
175.315
174.691
192.427
189.745
181.758
169.064
154.619
190.289
199.213
200.169
161.3
193.324
166.408
179.033
159.734
177.679
191.183
194.428
187.016
190.345
171.378
183.35
190.248
190.903
192.586
184.085
187.852
188.05
187.711
189.036
180.161
182.366
192.192
181.327
192.987
204.269
173.468
164.152
178.239
178.61
172.848
188.358
180.631
189.961
176.731
198.469
166.551
163.588
194.001
182.458
173.045
194.163
203.325
193.401
193.9
162.097
196.222
135.526
189.853
184.066
173.348
193.377
176.221
165.142
152.408
178.518
176.525
197.044
185.341
192.289
177.031
156.265
168.069
164.971
162.035
168.759
189.969
176.18
187.083
199.612
207.268
192.057
191.36
180.074
207.143
187.905
166.595
169.566
165.605
188.769
168.286
175.459
173.97
154.837
183.887
192.596
159.847
185.38
203.483
178.521
187.312
212.452
184.98
191.16
181.028
183.392
165.554
164.703
189.496
189.255
200.455
167.997
165.504
184.162
155.315
176.921
174.351
182.215
184.321
164.391
192.093
218.996
170.398
185.353
172.697
164.9
190.883
164.618
178.717
160.925
169.975
184.956
177.142
205.624
193.092
166.969
177.762
202.378
191.045
185.105
183.726
180.381
181.819
202.789
210.654
191.99
179.099
163.201
205.438
185.866
186.368
167.407
187.796
183.643
133.399
159.391
174.502
191.227
160.921
189.959
176.121
160.989
195.257
167.208
170.401
170.091
174.954
191.701
155.339
185.682
188.931
191.271
187.947
202.29
175.275
192.88
167.307
205.787
142.99
181.735
181.872
199.356
159.162
174.015
170.815
163.249
191.001
174.343
172.888
173.169
198.232
166.986
188.751
174.542
172.096
177.818
210.143
184.017
182.175
174.008
204.672
165.927
185.403
165.73
195.341
177.072
170.953
187.603
183.085
185.427
172.706
175.332
184.8
154.366
180.613
178.081
167.713
156.565
165.517
165.043
176.364
192.176
193.503
193.264
199.214
163.583
168.469
178.512
174.175
180.711
205.505
171.669
168.457
173.651
183.773
187.949
182.933
191.588
178.992
183.43
177.372
195.211
187.778
180.76
195.593
162.399
185.936
182.832
209.271
200.514
185.371
183.9
206.673
185.104
189.067
179.143
174.904
164.3
151.958
183.078
168.997
158.171
192.51
185.735
193.405
167.445
179.94
176.072
177.983
185.581
170.977
183.656
178.648
175.183
169.294
167.1
191.546
143.6
186.2
165.641
176.218
172.998
193.797
174.846
164.15
210.981
191.052
198.966
189.177
186.107
186.94
200.432
184.103
182.707
155.457
176.462
195.564
182.275
186.981
177.562
197.559
195.716
199.83
171.941
174.514
216.955
160.243
188.702
202.009
151.946
172.952
189.452
195.471
175.431
165.939
174.951
171.199
178.023
197.193
175.605
198.674
159.675
207.649
183.122
165.772
180.362
175.123
176.713
164.273
195.628
185.153
186.934
153.822
183.165
187.932
173.426
183.618
187.089
191.675
194.377
199.644
187.868
99.0005
186.461
173.343
184.068
209.322
161.956
201.969
182.128
198.311
185.656
164.733
190.765
171.048
188.33
169.445
169.666
175.443
191.79
169.258
163.14
159.559
179.594
192.914
175.999
190.051
168.612
198.24
181.189
159.486
165.856
183.982
189.638
182.784
186.69
170.019
182.753
206.259
190.273
167.218
182.053
171.377
167.555
173.231
185.196
197.603
170.562
182.074
186.639
179.602
182.832
163.485
182.021
190.0
197.236
188.658
182.071
173.871
168.542
199.404
208.417
178.692
167.907
195.786
187.098
174.339
182.977
185.914
166.472
176.615
184.912
182.822
197.308
186.993
181.633
194.904
177.871
178.68
187.686
186.129
184.332
169.752
168.928
190.733
180.301
183.906
199.895
176.398
175.155
175.636
212.266
170.872
179.877
186.952
179.842
189.6
187.148
184.891
142.405
202.108
151.75
175.971
175.29
193.772
184.103
146.974
165.706
193.423
171.575
154.214
197.959
179.272
160.445
176.126
158.632
172.69
213.158
196.714
195.941
168.929
171.992
191.167
177.036
168.086
191.512
185.428
166.888
165.474
174.273
179.112
188.992
170.453
178.855
192.054
194.953
174.374
170.151
171.254
178.289
170.959
163.672
179.376
169.269
209.554
180.062
179.136
176.389
165.717
194.904
174.653
191.443
176.217
197.466
172.273
178.39
178.111
214.256
190.151
180.876
172.026
173.626
174.678
188.51
192.096
185.187
169.707
187.719
176.622
102.103
199.492
156.578
150.689
187.909
188.807
184.792
174.34
173.377
169.502
199.959
182.374
176.4
200.884
189.135
185.02
194.861
200.414
179.21
191.358
160.063
177.752
166.708
173.974
203.857
183.659
169.633
174.472
191.316
184.284
161.21
193.581
169.285
165.448
172.144
179.25
197.648
165.92
151.454
194.929
189.604
166.936
194.289
175.225
180.144
167.36
195.706
172.97
183.976
165.382
178.062
197.196
172.542
179.945
159.718
177.748
182.998
189.124
181.199
176.889
180.464
163.281
197.965
174.146
172.648
182.003
180.378
160.959
168.054
185.853
174.462
180.528
164.638
190.058
188.254
173.35
192.4
189.414
171.108
173.107
172.426
201.903
186.533
179.415
183.24
164.38
183.413
184.766
161.039
181.148
191.752
134.426
192.074
167.067
189.443
180.561
186.912
160.376
162.115
190.135
174.123
191.627
184.869
196.45
174.462
194.125
197.997
192.663
182.402
184.431
183.976
170.59
184.114
167.732
191.655
180.885
195.44
183.977
193.319
173.251
176.056
165.832
167.197
196.396
166.447
186.8
204.447
223.961
175.305
202.848
165.865
168.949
198.433
166.832
194.066
184.657
190.496
172.218
151.672
167.368
168.209
215.725
197.678
190.581
188.137
196.401
179.695
185.266
195.059
192.374
173.718
191.399
186.611
196.2
185.67
172.815
173.004
169.936
193.593
193.304
148.967
190.424
186.788
150.272
173.33
196.746
209.249
175.066
175.266
164.627
203.241
186.507
172.799
170.441
170.403
217.073
196.285
169.748
192.457
183.557
208.644
187.115
180.83
183.105
190.268
175.168
203.658
192.306
189.285
171.243
184.051
196.899
176.932
194.365
178.14
188.359
185.629
198.005
195.38
195.742
187.73
173.566
190.132
178.094
192.684
189.623
190.223
167.446
179.161
204.652
198.68
199.865
148.685
192.864
166.961
173.569
180.479
187.215
174.939
178.182
183.696
169.337
170.014
171.373
184.977
188.312
191.582
187.624
175.596
177.769
184.185
173.554
175.597
183.592
175.316
170.373
185.238
170.902
177.921
162.439
203.326
188.315
172.526
185.962
171.469
170.844
188.841
191.565
184.881
172.813
181.823
188.415
179.665
165.695
190.345
171.341
167.209
168.061
211.18
182.699
164.778
177.337
185.419
171.997
189.885
160.645
154.853
175.23
168.003
209.466
191.921
184.743
186.265
185.458
184.819
189.754
189.074
190.625
182.368
177.428
195.963
187.763
175.18
187.036
176.434
206.127
179.284
177.481
219.369
187.824
200.942
155.095
180.681
210.566
170.175
176.589
208.873
173.085
184.46
156.812
172.419
170.977
176.113
194.386
196.773
208.09
178.06
184.787
230.645
193.7
198.011
179.871
182.888
181.357
161.991
194.29
180.192
169.097
188.692
181.061
176.952
178.851
170.968
193.535
181.873
190.679
190.731
177.318
179.004
171.341
183.02
190.299
175.278
186.359
180.513
176.942
199.873
165.902
191.828
160.669
181.471
186.281
191.931
211.154
186.588
172.339
155.188
181.726
197.853
200.819
192.426
184.59
181.405
166.196
145.049
194.818
177.829
159.767
207.288
190.396
171.189
172.806
170.117
177.468
184.46
187.816
191.286
166.232
171.661
174.731
156.306
192.028
180.417
189.734
180.26
177.01
170.495
184.319
192.047
180.72
187.659
168.357
200.693
175.899
159.19
144.189
195.224
210.791
173.577
186.892
188.386
146.787
177.98
200.553
179.985
192.168
180.913
174.728
184.356
200.03
187.86
154.883
190.997
167.526
182.323
185.22
198.782
188.935
191.669
171.943
164.905
158.668
191.087
175.109
157.398
172.236
197.486
188.737
192.94
189.066
167.656
175.338
186.94
160.803
179.748
183.897
176.124
153.575
175.14
196.586
156.71
169.186
197.69
156.612
193.522
181.91
187.86
190.058
169.571
183.484
162.314
160.878
155.224
175.705
183.915
184.556
172.379
170.483
161.661
196.507
167.913
185.489
203.958
196.065
177.268
159.96
174.397
208.309
207.064
176.105
173.193
167.099
190.796
185.758
169.709
203.549
177.806
177.956
178.432
183.615
165.244
169.769
158.323
175.352
174.873
185.929
169.281
167.912
207.71
177.513
176.042
198.239
192.748
166.516
172.367
173.644
162.87
175.172
181.293
168.713
171.104
182.847
179.76
172.675
201.117
190.534
177.287
174.034
179.905
175.736
181.742
196.029
129.157
176.218
191.211
183.508
176.106
166.741
165.281
179.342
193.03
200.42
180.072
169.261
178.757
187.02
163.399
162.864
194.908
177.504
189.106
159.529
172.325
188.239
174.186
172.526
187.988
179.547
180.159
185.709
195.089
190.856
167.799
170.336
175.89
188.051
176.265
180.151
186.713
171.129
199.503
205.238
182.583
174.068
196.729
182.426
164.44
164.744
175.801
190.365
160.778
196.902
182.351
188.81
180.716
177.125
200.079
181.459
157.414
176.292
168.276
181.431
185.347
165.589
191.777
196.99
198.959
201.772
179.9
172.03
187.866
189.956
183.345
193.231
185.969
183.162
157.733
184.513
179.275
203.066
197.002
175.363
154.176
178.083
195.332
192.162
173.487
180.1
184.25
175.671
186.317
187.901
184.294
193.944
181.381
179.29
193.498
198.408
179.38
166.236
177.022
164.999
177.025
196.937
195.086
205.27
177.061
189.019
193.42
186.116
191.05
184.593
180.348
164.53
192.962
174.515
165.274
205.474
200.661
174.733
164.162
181.242
187.895
170.937
186.819
179.353
190.348
157.283
166.651
162.936
187.994
210.419
184.062
167.804
192.147
177.629
186.436
168.448
170.825
185.299
175.541
196.386
181.832
186.835
165.193
176.534
199.37
169.681
205.384
165.292
172.045
171.063
199.708
191.139
157.447
169.127
183.603
177.859
171.447
195.157
153.826
160.297
182.702
191.418
222.186
181.802
176.798
168.43
177.166
191.334
213.069
160.529
187.309
178.705
208.955
175.038
180.302
192.984
180.148
174.466
186.231
181.287
158.26
192.132
164.846
173.311
204.558
202.02
169.524
184.054
176.891
190.512
192.981
155.282
154.402
175.247
59.8283
195.861
175.979
182.407
185.638
170.377
187.484
189.293
170.827
173.878
176.832
174.926
177.077
145.807
179.261
187.948
181.496
179.036
171.522
199.102
167.989
192.271
163.733
187.265
182.424
176.684
177.91
184.443
175.903
170.097
188.623
174.989
182.775
186.086
179.288
183.206
176.767
149.924
182.831
161.617
158.133
171.248
161.633
171.525
176.464
156.401
173.561
187.568
198.669
177.257
166.74
171.433
187.272
197.822
155.982
161.993
156.992
166.433
177.427
168.972
165.255
157.353
194.375
188.729
168.359
173.329
169.193
203.244
210.151
168.564
210.008
201.027
169.789
172.682
181.276
158.225
193.923
181.27
200.887
180.145
164.06
167.276
174.546
175.223
185.236
198.692
159.445
186.284
171.578
167.292
189.593
178.066
167.627
192.891
178.253
161.874
177.402
169.847
179.552
170.361
175.831
164.722
195.108
228.438
177.645
205.043
183.842
171.084
167.55
194.393
184.92
172.847
172.479
171.96
168.636
179.78
185.013
178.454
194.44
164.714
209.037
170.824
181.555
181.21
168.559
173.961
160.406
149.609
177.12
189.809
204.68
172.7
197.919
197.062
171.872
175.603
179.316
177.856
169.017
169.804
175.467
192.617
193.466
182.61
192.23
168.634
185.403
201.719
169.339
187.896
190.63
179.695
198.243
179.621
183.325
203.431
177.106
161.826
167.583
189.502
185.082
183.722
185.045
189.866
200.509
185.991
184.669
163.496
172.624
174.004
173.835
170.75
178.473
179.726
176.447
180.71
189.514
175.074
183.338
198.756
168.686
177.425
181.171
181.918
163.36
171.033
167.001
177.768
183.91
192.628
183.184
180.293
174.846
176.517
167.61
166.033
197.908
179.001
173.241
174.212
198.97
184.622
188.043
185.379
166.208
191.402
157.554
160.894
194.53
215.704
162.787
175.764
170.934
182.991
185.845
184.031
185.949
173.63
180.471
177.908
182.802
156.385
162.653
160.394
173.873
195.753
175.133
180.747
179.609
204.855
160.72
189.608
188.065
186.619
195.337
170.736
167.03
202.86
185.207
179.768
176.509
177.628
183.511
195.06
184.717
174.249
197.382
178.912
198.251
195.227
172.059
148.213
174.551
180.569
194.367
188.893
173.552
172.955
164.342
202.557
208.689
196.299
177.061
178.397
186.618
181.235
183.157
172.112
170.188
180.627
165.702
193.196
182.459
161.927
169.482
159.423
182.526
172.754
187.154
170.716
172.834
178.719
184.259
170.465
196.864
166.489
217.019
181.758
186.829
168.474
183.328
183.201
169.72
191.075
185.623
174.978
195.928
178.158
171.175
173.57
177.686
170.872
158.812
184.088
165.115
166.701
180.91
197.919
184.885
168.95
199.63
175.91
181.539
180.319
194.844
181.475
181.695
175.331
188.157
157.048
183.736
209.104
196.693
189.264
198.819
170.987
181.336
190.43
174.785
189.532
202.811
184.57
189.953
204.943
180.655
173.684
170.032
174.88
196.257
182.865
177.213
217.485
175.728
184.804
173.255
207.887
157.56
152.998
184.577
170.567
216.909
190.298
175.64
183.532
179.271
167.551
189.55
169.855
171.868
171.943
162.571
200.62
180.558
193.348
178.247
188.733
186.693
187.503
189.281
197.947
178.964
186.176
171.997
206.764
175.701
189.533
186.988
157.457
188.57
174.526
182.465
178.343
177.585
189.696
170.075
194.368
181.024
174.403
188.408
199.144
179.481
160.504
180.378
193.591
179.88
177.24
187.057
175.69
168.975
178.124
172.691
178.635
134.187
163.92
183.435
200.382
192.958
197.844
201.914
184.985
172.301
177.369
205.102
170.8
158.464
165.508
177.387
200.778
207.665
179.044
180.775
170.766
193.596
194.622
188.49
171.002
172.265
185.422
173.299
197.337
186.64
142.763
172.784
176.661
156.46
169.644
167.24
189.075
195.381
187.438
163.309
189.18
179.136
193.489
167.986
198.715
212.345
188.046
190.779
225.124
182.113
203.177
199.614
158.032
164.392
193.51
195.107
171.695
166.922
166.086
180.504
180.799
179.172
186.785
176.991
162.509
174.073
184.61
189.248
155.826
162.28
174.61
171.369
173.212
176.394
192.735
174.482
193.051
163.394
165.915
165.128
161.487
165.703
174.234
161.348
168.443
177.758
180.908
182.421
192.531
198.102
187.243
168.072
164.73
202.567
184.275
162.225
180.179
172.711
199.749
201.847
195.704
169.103
182.592
212.023
182.285
178.471
199.467
183.002
176.273
178.382
194.062
174.097
187.503
169.42
192.124
189.793
168.984
181.192
195.699
169.824
184.221
204.91
207.973
193.597
171.407
186.684
179.342
177.765
191.796
161.307
189.633
178.971
180.016
183.528
173.044
181.701
172.895
171.414
137.688
184.021
170.788
185.567
176.154
156.938
172.384
163.128
166.498
165.193
174.962
186.821
180.604
190.956
193.403
171.565
159.529
182.998
191.188
168.994
179.08
186.772
179.802
196.201
187.753
176.207
183.848
187.39
162.25
193.716
186.832
172.295
187.003
179.998
155.985
183.464
156.865
170.187
195.857
210.411
187.215
187.31
168.089
172.495
165.705
163.361
172.989
176.875
155.638
191.982
161.638
155.294
175.378
202.98
171.391
168.611
162.448
208.738
201.097
200.721
162.223
193.298
179.572
152.064
181.861
182.676
174.27
202.364
182.996
183.057
177.24
172.484
184.103
177.591
179.057
147.421
184.93
190.87
174.253
186.045
192.649
178.211
178.038
189.1
180.823
185.36
186.332
197.094
173.782
193.057
185.298
177.684
164.558
172.88
189.834
190.227
167.005
206.92
187.807
190.896
174.977
177.943
163.736
202.647
182.388
191.565
182.345
168.967
193.379
162.566
185.195
176.854
203.396
191.22
186.437
183.265
184.48
211.417
206.809
177.469
199.751
207.637
187.847
187.393
178.407
200.972
155.064
201.08
168.028
174.161
158.877
182.848
168.634
182.288
188.653
180.651
171.635
189.845
199.426
171.694
188.358
167.361
210.005
180.892
175.484
173.921
182.819
180.902
177.67
187.257
178.327
177.228
197.697
170.655
171.253
179.241
182.854
172.769
180.535
184.984
190.31
179.369
193.254
180.42
166.149
169.803
185.436
197.03
175.882
170.522
197.152
193.809
187.99
204.655
200.338
187.155
190.059
185.836
181.001
198.4
179.582
166.788
172.634
201.016
184.07
184.895
188.978
172.969
183.013
167.745
195.104
182.988
186.878
197.908
160.684
183.266
183.785
173.011
154.467
176.803
180.037
173.806
195.934
190.688
161.619
172.572
178.212
181.81
176.802
176.594
184.046
164.029
187.424
182.583
162.251
201.795
173.936
173.985
182.873
170.144
181.759
195.555
192.222
174.856
205.963
181.037
176.247
191.744
179.421
172.391
174.341
179.355
164.731
184.582
173.808
165.173
184.17
167.842
181.234
180.797
193.948
173.926
176.793
193.413
162.176
173.739
173.364
167.123
184.943
183.764
193.905
165.006
186.827
148.725
181.715
210.825
185.539
174.304
172.571
169.935
185.875
184.558
188.5
185.335
175.375
175.991
154.839
179.89
202.984
168.612
178.402
162.899
190.253
174.335
170.054
171.247
178.116
172.195
196.969
180.792
154.99
189.432
176.376
169.956
158.613
186.885
160.699
184.548
158.808
204.317
177.63
205.667
181.197
175.59
167.598
179.825
189.837
178.661
178.66
172.416
198.501
183.2
192.078
210.8
177.665
175.615
172.762
155.45
199.075
191.651
186.082
148.063
192.173
198.785
173.362
191.347
185.775
212.264
182.407
195.219
163.51
224.39
182.322
192.072
187.518
173.139
176.544
197.696
178.241
195.242
194.788
169.784
158.568
147.118
171.37
185.28
181.314
182.785
169.915
191.563
180.605
192.83
174.132
180.775
181.856
169.27
168.845
178.47
184.987
162.529
194.036
187.757
178.387
189.38
177.867
194.312
176.925
165.876
153.312
152.838
176.374
156.545
191.196
173.16
164.468
175.074
178.568
190.625
171.389
204.831
182.652
159.193
205.737
198.818
173.3
203.366
178.082
175.338
176.235
174.847
200.156
219.402
194.881
164.967
175.806
171.101
169.779
168.253
178.427
181.629
180.974
190.112
173.958
178.55
169.299
181.887
178.531
188.738
199.717
187.915
159.227
172.384
189.274
173.605
184.62
179.843
190.789
164.666
185.127
199.382
163.765
196.577
192.972
188.077
157.805
163.157
178.177
187.854
200.499
193.859
196.262
194.409
181.983
162.541
189.817
185.558
208.764
194.411
170.471
182.63
179.768
194.032
195.917
176.731
183.259
144.172
185.913
174.878
188.698
175.279
175.307
172.09
187.887
178.115
166.511
177.035
199.843
177.965
187.79
198.804
179.38
163.296
213.939
182.866
210.311
194.636
161.844
153.177
187.663
183.715
165.335
167.401
167.702
158.151
169.66
206.578
177.494
180.827
181.614
195.143
201.565
167.887
201.239
171.395
177.015
174.293
165.204
156.351
210.439
191.791
154.204
180.793
178.993
192.507
183.91
175.092
174.214
177.657
167.387
176.756
171.615
190.048
202.31
186.727
209.413
181.996
158.521
194.998
159.556
172.873
178.564
184.586
164.724
161.95
184.324
185.662
148.75
172.85
192.255
181.263
172.117
175.199
182.041
172.843
168.492
163.283
179.716
209.437
201.088
195.526
196.062
176.92
178.3
185.764
185.424
190.719
175.699
184.082
200.194
187.296
198.434
180.243
176.928
172.267
215.805
172.24
170.439
182.656
174.082
164.019
163.39
178.661
186.471
181.535
159.457
152.557
182.186
208.351
200.776
167.786
210.079
193.111
182.187
176.558
187.385
158.768
171.854
184.751
193.23
165.806
169.187
177.576
171.425
205.617
180.969
175.28
189.12
186.112
201.569
174.908
154.696
164.076
174.532
179.468
203.049
195.22
167.665
193.959
174.791
178.811
158.775
195.264
175.543
179.834
176.763
192.598
190.688
164.658
190.471
169.258
174.281
150.292
223.13
181.368
191.51
165.29
159.983
190.755
186.055
171.788
189.534
189.158
198.719
177.983
171.421
143.466
179.61
162.554
193.509
183.108
191.417
192.534
171.457
203.313
185.151
168.372
191.117
166.334
204.593
180.873
209.905
190.884
159.238
165.493
182.959
163.988
176.092
154.494
192.928
171.644
172.252
180.568
186.913
187.382
183.077
198.214
192.844
167.484
180.608
201.603
192.978
191.19
184.016
177.144
191.309
199.202
178.042
182.708
165.165
152.69
166.099
185.377
183.736
162.466
184.038
186.568
190.251
174.932
173.145
171.757
196.585
181.812
189.019
175.933
172.384
160.635
169.983
181.227
174.196
184.8
162.946
179.892
178.025
180.435
154.424
170.83
222.584
197.674
168.744
186.371
191.467
171.483
165.887
209.549
184.711
189.173
176.552
175.545
168.549
195.36
173.587
185.228
167.513
177.465
198.713
196.026
186.244
185.358
187.87
197.385
177.765
166.298
180.619
185.063
167.092
181.201
157.845
179.896
180.997
183.43
190.031
184.698
191.297
171.163
197.825
164.498
184.274
156.079
190.032
185.483
169.535
199.292
198.157
179.496
194.771
204.623
184.724
187.949
196.493
196.913
178.523
167.857
169.806
186.16
179.975
173.454
190.795
163.096
165.676
209.331
201.056
160.863
205.833
180.207
167.755
188.934
162.561
185.979
175.24
176.079
176.881
189.781
181.538
180.373
179.577
158.631
178.466
181.721
191.36
186.515
191.29
185.561
188.671
182.934
189.827
179.283
190.253
164.928
176.816
184.502
165.8
171.192
169.242
192.577
175.373
174.274
161.283
172.893
199.169
184.773
173.012
182.914
171.138
198.66
168.872
158.457
206.341
191.048
173.196
168.898
186.344
174.974
186.388
170.424
202.057
182.209
155.323
183.061
205.298
183.538
182.744
172.53
176.492
174.644
147.171
178.264
168.789
173.441
183.654
185.498
191.894
156.211
191.229
165.987
182.673
183.479
177.088
198.454
207.959
203.491
173.469
180.568
190.961
173.771
194.409
186.382
179.858
160.637
181.512
206.671
191.597
161.014
185.604
193.271
184.825
156.734
193.536
170.147
205.602
186.741
196.813
167.009
182.042
185.678
169.627
164.218
175.929
178.074
204.539
201.027
148.858
173.121
185.212
187.55
190.098
166.227
189.767
176.421
192.792
180.401
170.32
177.373
176.692
170.507
167.865
152.23
190.607
187.387
165.521
183.77
179.963
171.456
197.652
180.227
187.217
183.31
191.53
160.416
172.186
193.94
157.683
177.83
165.769
198.419
185.998
183.192
202.468
192.832
184.883
190.686
169.163
193.954
185.507
177.811
180.194
188.317
161.299
182.079
160.726
143.344
169.617
183.755
177.043
184.05
172.741
176.455
193.064
181.856
149.117
189.065
186.05
206.818
177.482
176.943
201.612
174.588
163.076
197.289
184.012
163.726
187.085
198.088
182.582
189.051
181.288
168.57
154.408
175.966
147.208
205.349
181.825
187.66
172.543
157.582
173.687
180.439
187.288
168.045
171.582
175.691
149.547
196.328
169.187
165.824
165.155
167.133
188.88
184.434
171.945
192.698
196.939
174.395
194.482
186.535
156.856
176.255
178.721
191.938
217.458
205.443
192.631
181.732
198.654
178.935
186.332
191.527
180.211
183.08
200.589
196.637
168.047
181.69
191.183
173.936
187.024
182.259
193.932
193.538
177.809
163.788
164.724
167.684
181.638
172.815
168.687
185.58
156.679
192.863
176.643
209.307
193.464
170.454
187.187
179.391
187.608
191.924
174.26
195.05
179.796
167.597
197.638
169.987
183.682
181.838
175.981
194.552
195.55
168.605
178.302
185.011
158.147
196.719
167.653
193.354
162.526
161.553
186.296
197.415
168.175
159.602
182.728
176.311
192.08
163.419
164.981
179.588
181.837
169.8
170.019
167.049
169.687
147.545
146.392
164.769
184.203
193.098
157.13
196.137
191.719
169.42
174.705
188.59
182.263
190.815
198.995
188.922
210.691
167.923
191.08
188.752
181.314
172.817
196.836
188.159
169.299
157.388
171.63
204.176
189.839
200.073
204.589
200.468
174.006
207.688
166.121
147.69
174.385
167.607
179.26
177.157
173.387
199.319
200.866
162.944
175.144
189.349
144.112
181.314
186.506
177.161
172.433
188.867
197.676
191.696
174.56
191.023
203.014
184.152
191.284
174.943
190.203
167.856
194.043
201.795
153.025
171.835
164.946
181.238
180.935
182.615
199.694
181.963
190.782
172.268
192.405
163.611
164.838
211.022
190.865
195.588
175.814
170.463
181.641
194.977
178.028
179.603
161.796
193.522
186.806
151.48
165.578
179.893
149.903
168.961
174.348
196.085
185.451
157.908
176.953
183.856
162.477
176.587
176.777
198.872
216.29
178.741
196.799
169.486
186.611
176.007
182.195
163.24
175.98
172.245
210.76
182.703
187.633
188.885
181.728
176.495
177.024
189.23
188.725
84.2969
187.273
189.91
177.736
184.089
187.528
198.963
180.47
202.936
185.271
170.523
203.628
171.57
183.616
160.239
158.093
177.438
179.509
158.186
175.015
192.01
180.573
183.275
186.939
178.025
184.723
197.083
170.246
164.879
167.669
168.202
179.599
182.011
198.892
208.314
205.914
161.821
173.178
198.337
208.223
166.9
201.467
181.1
167.97
177.986
168.52
161.066
184.96
192.209
187.064
159.434
153.488
192.869
190.463
180.372
190.655
200.637
175.267
170.893
183.133
180.524
172.321
186.362
175.713
177.827
173.163
168.041
166.849
201.436
176.172
206.457
171.293
179.279
172.815
199.326
173.763
186.666
183.973
194.583
184.419
169.729
153.404
192.56
162.226
158.461
177.873
159.298
191.263
174.624
197.861
148.946
172.944
190.128
198.089
173.801
153.969
187.792
195.94
181.411
177.822
181.802
194.541
192.67
168.06
187.309
188.398
190.394
201.585
172.932
186.749
176.584
181.836
188.003
196.368
175.542
195.83
188.122
190.797
205.663
194.53
184.121
198.101
185.155
200.602
182.103
158.021
163.071
170.696
160.348
203.879
178.011
165.764
212.364
182.754
187.807
166.998
178.234
197.37
173.872
150.733
179.957
175.683
185.925
178.39
205.093
193.707
168.578
201.276
197.414
181.232
184.423
182.734
202.029
197.515
174.787
169.366
173.33
195.533
198.423
190.736
185.592
167.407
159.408
169.168
163.196
181.376
170.239
173.357
193.811
176.951
177.649
166.75
196.562
195.098
158.913
167.17
197.985
150.973
165.172
171.93
163.519
157.959
194.38
177.294
165.483
179.202
166.181
193.32
174.866
173.346
164.511
194.071
200.077
169.862
187.101
174.295
170.252
203.323
149.562
163.929
179.419
206.066
208.723
175.579
176.422
193.528
174.438
182.917
185.71
182.693
163.396
179.526
183.261
183.766
180.523
205.174
184.633
210.91
166.802
184.107
181.013
183.714
195.424
194.433
214.806
192.334
167.196
174.39
171.994
179.166
161.929
190.396
178.34
188.563
178.519
184.778
179.568
178.29
183.177
188.997
180.68
171.628
180.122
191.468
179.082
169.437
197.344
184.682
196.613
215.725
176.706
194.819
193.86
188.305
189.96
178.476
179.715
196.605
184.013
178.471
181.729
158.082
162.565
196.115
186.568
177.528
174.319
205.756
181.128
183.6
190.772
184.6
178.45
164.369
184.024
198.229
186.383
173.841
192.676
194.72
158.424
177.646
185.97
151.016
176.49
182.804
128.924
197.019
196.243
181.57
184.512
165.455
172.502
170.777
187.556
169.542
194.084
173.944
177.854
196.713
171.966
181.983
199.002
197.668
178.07
172.756
129.709
192.581
171.536
199.582
185.598
190.13
177.693
188.255
193.604
198.785
149.945
180.246
206.474
169.086
191.508
177.592
186.956
180.834
165.506
158.665
152.752
170.122
167.145
164.228
189.697
197.731
187.218
186.96
184.617
179.811
201.12
180.394
178.21
183.555
178.795
220.943
158.006
180.448
188.191
160.026
208.855
171.015
209.751
191.664
165.428
151.352
197.146
183.714
186.231
188.823
187.051
181.432
168.089
153.706
177.941
181.48
199.333
154.868
189.232
182.982
182.599
188.504
181.974
195.464
199.477
191.239
195.259
183.288
193.837
173.566
174.981
154.415
183.625
200.651
182.399
155.27
185.412
188.624
187.544
177.104
190.994
151.297
193.325
200.683
193.741
181.584
171.245
191.492
183.242
180.911
196.469
163.698
174.975
181.578
176.287
198.227
167.244
174.697
197.224
179.76
164.701
156.925
180.021
182.359
165.549
188.764
182.569
152.7
185.361
189.385
196.764
191.962
195.662
176.298
135.048
216.988
186.309
199.64
175.333
187.782
196.358
196.495
178.803
181.83
185.345
183.598
209.32
166.585
176.712
171.014
174.679
190.463
190.101
175.115
169.006
193.438
180.854
173.635
193.429
175.205
186.16
179.403
153.52
180.637
170.324
177.455
167.633
184.161
152.04
186.77
173.554
156.202
173.403
187.505
160.153
209.856
189.178
165.337
179.408
191.593
180.064
185.442
182.518
185.738
188.675
200.889
187.33
143.959
187.667
197.874
206.107
172.247
154.88
183.309
168.909
194.845
173.454
183.527
170.92
182.163
169.008
168.339
175.275
198.162
168.062
157.136
174.157
214.036
163.442
187.067
175.775
178.999
188.642
204.267
194.082
182.621
179.773
154.497
176.373
192.955
164.783
157.31
201.581
178.182
173.291
180.195
167.024
182.591
194.616
181.804
181.54
147.987
171.275
177.405
184.407
178.95
177.16
207.09
185.097
182.828
181.889
182.345
156.926
160.548
156.968
187.804
163.721
204.751
191.296
180.6
165.76
189.601
196.88
178.639
173.121
176.942
177.064
185.404
186.304
188.101
171.966
179.507
177.144
165.567
180.559
186.358
170.165
160.847
192.757
158.632
208.944
187.409
166.14
189.503
197.928
190.786
180.352
162.921
181.765
164.187
215.675
177.702
171.64
170.468
197.841
184.741
173.959
198.601
163.577
161.166
160.694
156.285
186.154
201.133
197.422
184.365
162.692
158.463
197.715
210.503
184.877
180.489
185.39
173.558
133.025
178.121
163.478
190.691
195.474
183.243
187.985
187.525
165.162
177.251
195.503
184.911
194.756
193.87
180.616
177.503
164.678
185.49
151.205
203.491
189.689
167.707
213.668
176.998
180.321
172.594
163.922
183.543
195.294
190.272
194.472
183.713
195.089
173.859
162.339
183.929
148.762
178.136
191.128
177.308
197.26
174.316
171.703
175.289
199.376
173.016
184.852
191.202
176.853
183.037
180.881
177.224
186.74
180.316
177.223
139.392
146.013
184.417
180.105
189.99
187.737
163.533
170.362
185.785
179.339
152.037
174.657
174.455
161.213
177.72
181.515
179.38
170.091
192.737
192.242
191.657
191.617
177.06
183.22
182.57
173.998
184.305
180.276
193.035
192.115
159.248
179.053
174.504
192.049
184.071
170.677
185.991
177.156
183.117
181.351
185.858
185.246
188.241
169.158
200.654
180.137
166.959
195.264
204.771
197.116
177.629
181.891
176.549
188.113
166.307
149.023
175.253
198.196
184.921
168.304
166.22
178.391
171.562
171.223
190.002
171.856
167.354
187.965
186.703
184.967
154.119
181.765
190.617
187.942
161.085
172.672
179.571
156.831
194.307
199.245
180.802
209.856
201.497
164.348
181.069
196.761
207.973
164.614
175.098
196.8
183.933
201.283
180.021
167.981
183.356
183.344
185.491
145.604
191.351
171.951
181.611
181.411
207.736
176.579
193.156
186.526
165.587
183.899
186.636
172.342
197.981
184.404
166.289
160.649
187.733
182.422
165.635
188.62
188.695
189.548
170.852
156.172
179.226
192.978
208.609
215.423
192.877
181.692
163.27
180.552
183.183
193.122
188.939
169.435
173.449
191.551
189.999
185.986
206.574
168.593
167.896
195.675
197.049
176.454
186.352
175.881
182.499
172.456
196.777
184.272
172.462
189.379
172.36
200.869
189.63
185.278
193.637
187.222
180.393
180.04
170.255
176.741
190.766
186.541
172.035
173.224
186.387
123.181
177.743
182.651
159.756
179.777
172.305
193.637
179.857
208.543
179.509
171.418
198.247
184.599
179.511
185.14
161.592
171.784
174.597
196.045
198.151
180.653
182.636
160.513
177.837
181.645
172.298
206.036
189.519
191.05
164.731
166.576
184.429
168.088
195.94
155.664
194.495
149.893
200.015
202.741
185.485
169.013
184.827
200.056
175.661
161.384
166.099
170.719
166.354
176.805
189.115
184.44
199.237
182.401
175.941
174.707
181.861
172.044
183.203
167.13
170.752
192.828
185.895
202.661
165.643
167.279
158.405
168.749
209.618
176.154
199.867
163.128
183.27
166.492
180.705
165.642
166.091
183.028
188.808
203.473
158.813
197.806
201.419
167.214
188.404
185.411
191.731
185.977
154.435
190.197
161.946
186.969
204.083
189.522
187.723
185.05
161.647
168.964
175.591
178.427
185.448
186.866
178.404
175.887
199.946
163.168
191.945
155.184
165.124
190.02
171.525
185.333
187.277
181.69
188.1
200.262
160.335
160.672
197.88
155.606
193.636
189.733
174.563
176.594
189.392
182.747
176.659
156.775
179.595
184.057
183.484
166.252
189.951
165.147
171.633
199.386
178.428
170.419
183.672
186.979
150.353
164.405
200.147
156.839
188.227
180.799
197.063
185.085
204.382
182.418
193.968
151.219
161.332
159.739
182.219
183.201
167.574
183.654
166.579
185.69
157.479
177.774
166.98
170.927
181.431
193.419
175.439
170.995
176.201
169.881
184.96
178.61
185.673
184.058
181.427
182.957
170.633
172.893
171.376
187.008
163.755
170.068
174.089
179.816
178.149
168.836
153.799
177.341
176.368
187.099
174.499
197.944
175.778
191.496
193.695
179.612
178.134
179.021
192.396
172.328
172.715
179.222
174.717
187.361
164.749
199.381
170.9
178.016
194.563
164.033
180.261
194.221
191.326
208.949
179.775
169.829
189.091
184.118
191.357
193.41
183.702
178.419
170.376
192.246
196.946
184.208
169.802
180.977
205.601
199.8
198.529
193.484
177.457
161.518
187.952
176.535
191.13
180.613
173.796
203.832
154.546
161.519
197.074
178.595
182.299
175.669
187.76
176.67
186.341
173.246
184.656
190.507
167.645
172.129
178.685
192.362
179.747
197.658
181.14
172.02
176.145
185.108
176.558
182.611
158.133
180.963
167.073
172.231
190.638
175.621
188.906
163.424
182.814
207.919
196.976
180.48
181.415
188.482
192.692
190.228
200.165
186.95
197.141
178.805
164.422
185.761
173.735
157.102
171.716
175.523
209.689
193.044
197.87
166.179
166.214
183.799
192.398
189.949
172.02
184.533
183.285
197.367
171.346
176.318
177.797
188.14
191.82
172.894
171.913
170.906
179.157
194.678
205.179
189.764
179.45
186.835
184.241
193.579
173.742
168.681
193.551
173.717
172.269
190.417
178.174
178.116
214.859
185.862
152.129
172.517
174.637
179.198
179.121
180.45
160.007
168.119
199.315
168.875
177.83
185.199
184.921
175.926
188.711
167.455
189.409
171.733
178.833
182.263
197.275
183.034
174.66
191.461
191.236
164.555
178.745
168.794
187.159
170.052
191.338
173.492
193.966
190.716
160.071
179.659
178.533
158.082
170.37
177.467
129.068
187.315
177.048
177.437
198.994
174.154
176.214
176.455
191.355
192.843
187.046
191.12
155.006
188.724
187.361
169.368
177.073
193.14
160.114
193.16
193.769
190.651
164.044
183.807
195.854
162.742
189.521
178.81
161.219
185.885
174.32
184.705
189.233
164.01
192.893
187.921
187.519
189.643
211.7
197.258
176.025
180.83
186.484
172.312
189.895
163.022
167.95
196.925
191.718
174.142
196.837
183.309
173.082
186.868
173.553
199.661
167.337
181.979
173.13
137.383
168.909
178.248
184.798
172.919
189.03
185.163
181.803
186.875
191.201
169.596
184.417
166.312
184.464
175.032
171.069
169.293
180.649
177.562
185.23
194.821
190.577
204.787
192.546
171.628
197.084
199.471
176.959
198.294
183.382
184.165
168.882
164.946
203.132
174.685
188.734
168.76
182.997
205.011
167.001
165.644
194.087
179.021
162.45
193.072
182.393
178.243
197.686
215.241
172.029
171.449
170.132
193.23
184.031
189.741
181.625
184.18
168.943
177.208
172.962
180.907
193.971
209.719
164.378
163.73
172.544
177.954
168.947
184.806
190.984
176.39
177.863
169.417
192.347
189.907
171.806
192.679
176.76
188.011
175.251
176.663
191.624
194.012
198.978
199.172
172.538
186.684
170.689
196.312
177.349
171.337
195.351
203.766
171.413
161.334
197.57
153.966
193.67
193.875
182.609
185.376
172.149
172.566
197.36
171.834
161.217
183.869
176.267
181.272
187.043
190.832
191.304
168.931
182.929
199.111
211.19
183.624
184.251
178.915
187.738
212.622
172.149
175.891
179.844
199.986
185.336
186.604
186.59
191.615
164.961
173.374
187.015
184.807
179.241
191.925
189.61
165.023
183.497
173.22
184.341
173.47
191.627
169.328
176.151
183.694
169.928
180.716
160.66
191.01
181.885
177.267
206.845
191.604
189.139
199.037
158.991
192.216
211.922
176.43
203.163
172.934
193.502
172.865
194.283
180.994
184.961
176.867
184.495
179.36
167.608
183.945
155.836
179.406
182.785
191.708
187.472
192.036
169.979
185.363
173.728
175.445
176.809
180.791
180.23
148.98
181.701
184.351
187.725
155.994
175.912
186.289
206.48
186.873
156.603
182.588
173.841
158.038
188.243
173.648
201.708
185.768
182.28
203.085
169.534
188.307
181.924
174.785
155.695
177.72
178.852
178.119
171.409
166.74
190.206
201.269
190.121
187.44
180.255
185.282
202.65
166.378
166.54
165.534
181.129
178.093
192.732
176.922
172.384
163.056
178.204
175.709
193.801
201.08
176.137
170.488
183.783
160.578
174.474
192.31
169.792
175.848
174.11
177.227
200.884
184.04
167.321
176.031
183.126
193.537
185.646
187.687
201.135
169.557
198.324
178.632
168.979
180.36
184.383
181.046
183.196
169.742
177.182
191.309
171.549
172.318
189.377
183.654
201.839
172.664
175.49
195.571
161.063
199.627
180.008
171.886
179.496
177.592
184.899
175.721
196.222
185.95
197.654
165.72
176.479
174.282
177.689
194.331
149.093
195.111
156.66
195.872
161.445
116.573
191.642
170.874
184.415
180.123
173.328
171.373
205.798
188.603
171.178
174.115
175.395
184.01
175.573
211.388
181.049
199.202
181.389
185.408
163.869
198.035
183.383
197.949
195.224
187.688
202.897
190.51
181.805
153.764
171.65
191.569
173.148
174.491
177.077
154.569
165.86
195.612
206.519
177.421
178.952
194.367
163.223
169.45
168.469
189.24
185.613
185.823
195.245
194.241
191.288
181.98
174.292
185.584
182.411
193.604
186.657
185.071
176.834
179.278
193.129
171.404
181.595
195.058
197.384
165.74
189.443
193.971
196.863
177.737
194.548
177.657
174.878
176.143
173.368
187.439
187.839
194.51
182.151
180.071
191.412
201.576
190.79
162.413
192.337
171.929
170.58
171.911
190.619
178.046
184.485
178.726
172.323
181.222
163.852
192.632
186.305
172.8
163.657
179.795
183.06
174.356
179.802
186.169
183.159
177.012
191.181
167.837
200.04
164.964
169.121
178.052
186.489
179.821
191.847
181.115
180.348
163.4
203.98
161.609
191.299
220.245
201.283
178.374
175.818
166.409
176.25
174.909
186.92
165.631
189.953
169.862
164.225
169.334
195.604
175.581
185.737
175.133
164.052
196.605
188.712
180.574
170.307
178.324
181.847
197.693
169.817
195.691
164.708
163.738
166.834
163.152
148.051
179.76
189.473
169.617
173.274
165.334
177.626
184.561
187.834
161.672
185.663
188.045
190.054
171.695
185.724
176.823
179.647
180.417
197.222
166.982
177.531
215.092
194.845
166.907
180.755
190.031
194.207
185.924
194.247
188.745
170.282
183.964
179.794
179.796
173.594
207.284
181.559
203.559
160.979
191.06
192.944
187.021
177.617
173.192
179.783
161.298
191.854
201.62
155.071
173.296
167.045
176.502
171.809
184.192
173.683
193.601
190.544
177.711
159.239
184.326
183.798
197.751
174.693
204.128
207.133
181.485
174.891
182.028
178.953
188.98
186.159
174.058
158.702
211.231
165.08
198.987
176.467
177.491
165.202
176.944
173.978
188.172
166.738
194.389
181.147
182.226
165.799
187.335
177.345
182.499
181.673
177.982
181.026
174.51
191.652
184.167
204.733
188.831
178.782
161.937
164.17
176.44
170.101
180.337
162.425
190.434
170.811
184.095
178.01
195.179
205.268
184.903
177.853
170.348
168.632
181.346
172.132
191.598
179.572
175.977
190.558
162.58
196.369
181.248
195.001
183.255
179.154
198.45
171.382
202.673
181.522
189.151
168.813
157.771
175.532
173.932
177.866
185.428
162.926
195.312
186.771
189.928
168.737
182.096
185.649
171.197
181.633
194.221
185.397
207.455
167.14
203.353
159.3
177.971
166.258
157.522
152.344
174.057
189.637
189.216
198.726
191.457
162.335
194.082
189.598
157.717
188.761
191.188
171.657
184.814
177.884
178.411
178.946
186.715
185.366
195.859
199.153
188.24
159.467
156.448
200.13
87.8294
206.962
190.377
168.842
186.538
181.599
179.186
173.184
180.772
184.942
194.939
194.175
190.486
169.448
158.337
200.923
160.542
185.188
197.503
188.666
197.533
159.71
170.188
199.224
183.871
193.933
170.098
182.689
184.77
192.647
180.84
173.417
184.541
160.633
188.626
162.122
201.829
174.964
180.291
170.589
204.033
177.853
148.378
183.955
190.217
210.941
181.435
186.766
165.866
196.062
194.892
174.721
137.36
166.414
219.143
176.49
181.472
176.187
165.811
186.733
165.736
190.288
198.954
190.593
175.768
187.621
192.904
178.05
182.344
186.909
175.327
194.224
184.785
192.619
173.11
177.747
208.797
167.916
166.815
178.474
166.412
162.733
174.725
190.767
185.436
165.281
107.412
180.156
159.945
172.566
171.308
181.362
193.372
177.876
190.824
156.894
192.377
182.174
167.265
201.989
186.079
187.797
194.786
188.391
191.275
176.432
162.542
161.472
168.001
166.058
175.187
194.853
162.164
207.784
193.381
189.084
169.85
169.722
168.774
169.449
165.411
164.255
190.769
168.196
174.544
174.244
187.66
211.122
178.264
194.042
204.399
170.011
173.079
181.571
189.536
195.406
182.218
181.982
171.392
181.47
176.123
207.924
228.728
150.343
188.304
200.533
176.373
178.781
199.727
171.414
173.272
191.489
187.103
164.556
178.944
169.66
195.162
211.589
198.215
159.604
184.22
189.724
163.293
188.307
186.059
188.31
184.898
173.276
200.243
187.538
189.033
180.11
191.831
173.418
196.902
182.06
190.703
169.92
188.623
178.222
185.819
156.601
170.858
187.886
178.73
150.066
168.514
171.174
162.474
163.148
180.965
205.199
184.371
200.998
180.036
190.863
148.571
181.094
175.189
175.903
207.879
165.693
176.709
193.118
179.769
166.83
171.304
152.826
181.718
172.681
179.885
181.989
153.916
181.704
178.771
174.541
138.87
167.836
184.097
178.019
188.926
187.817
178.828
182.073
165.789
169.107
156.706
187.153
167.67
163.056
150.975
184.565
175.845
144.151
191.037
182.908
191.892
199.404
180.714
163.154
212.378
190.648
189.77
185.097
180.546
170.575
181.964
182.186
192.99
177.782
172.106
161.709
154.298
185.441
204.464
182.018
212.526
146.771
187.919
200.169
198.268
185.818
155.904
197.992
187.432
194.849
180.766
199.853
191.306
174.784
179.329
184.582
197.465
199.821
164.31
170.728
178.084
181.959
181.445
166.887
173.69
181.503
172.355
192.378
191.948
168.758
176.97
177.526
158.937
185.337
173.087
175.415
178.956
173.508
152.19
180.792
177.801
142.716
187.901
152.838
186.903
183.775
209.802
163.29
204.546
210.17
173.048
201.285
200.848
208.528
168.201
197.414
166.256
144.49
186.324
177.345
162.612
175.811
205.645
170.866
184.014
175.012
181.442
178.378
190.811
180.948
153.737
209.566
179.118
165.01
191.585
184.454
171.965
194.523
184.749
166.699
170.856
183.982
176.912
176.577
176.245
164.464
189.892
168.051
200.973
178.515
174.943
183.885
215.092
206.162
167.947
178.556
183.322
182.739
183.015
157.732
184.835
164.599
205.25
187.051
162.496
174.852
195.281
189.456
181.702
160.623
188.853
166.765
188.177
172.096
163.293
167.9
196.756
169.924
180.54
179.686
186.445
182.588
187.268
190.684
154.986
160.03
222.154
187.835
209.203
183.272
172.011
194.04
161.0
183.317
175.913
188.659
183.911
169.138
186.733
180.396
169.351
191.933
157.467
174.802
186.447
199.595
182.943
189.897
176.609
168.036
181.032
181.831
183.608
170.986
175.448
174.463
177.074
176.969
168.837
185.47
157.203
157.69
182.054
196.92
165.124
197.959
198.97
193.885
172.687
180.038
149.729
185.236
188.046
184.334
168.075
189.064
155.619
180.599
174.003
189.013
183.892
176.25
193.507
172.908
173.612
181.741
189.683
182.942
181.066
155.296
168.08
176.812
179.859
197.109
186.319
172.59
199.327
172.826
189.025
206.61
178.092
178.718
163.734
183.413
170.878
173.033
187.975
175.168
178.741
184.757
187.098
181.563
168.919
180.201
193.709
173.27
185.046
185.675
170.242
178.508
179.583
177.406
181.289
179.923
195.073
168.382
178.592
192.935
176.002
169.651
168.878
196.925
160.708
176.061
158.911
156.77
172.683
199.773
184.811
178.516
210.237
177.437
175.348
203.609
196.136
190.847
183.455
173.855
182.449
193.234
199.204
188.247
203.028
176.749
176.956
160.53
188.955
191.572
164.438
184.676
189.362
180.083
192.907
188.588
172.822
189.571
184.76
159.694
175.297
162.374
179.242
184.19
172.842
151.649
204.112
196.296
185.447
208.584
173.972
213.974
149.752
175.628
196.349
178.861
154.114
178.425
158.093
184.656
193.068
192.453
175.261
168.007
161.164
166.871
215.872
168.006
191.706
187.134
200.92
183.754
172.461
173.866
187.799
197.333
182.705
198.499
190.209
178.212
178.743
207.093
188.565
167.079
193.566
174.37
181.903
182.02
194.226
207.251
167.585
187.042
177.084
166.197
165.273
185.264
182.382
186.509
197.604
160.988
179.493
173.444
182.471
160.824
181.111
177.956
163.703
165.342
209.883
207.066
170.539
180.908
196.27
184.635
197.541
209.053
197.924
186.492
175.893
178.307
180.708
212.103
185.923
182.519
186.177
152.775
192.977
188.5
178.524
187.997
160.168
181.526
183.383
185.081
196.428
183.648
184.475
189.779
168.379
178.729
171.184
183.813
185.039
192.444
193.545
164.747
185.273
194.249
195.933
195.062
178.455
162.005
166.966
211.889
214.467
187.91
169.143
169.671
184.759
199.339
192.492
180.448
152.59
