208.012
208.983
209.605
194.521
196.895
216.054
212.671
223.969
209.533
211.765
208.918
213.205
220.111
214.424
186.341
211.434
189.489
180.641
183.401
197.145
194.629
215.904
204.579
215.857
205.46
232.585
212.584
214.368
188.189
227.579
209.598
203.841
202.709
208.642
239.64
182.602
214.141
221.52
207.063
228.08
186.873
220.551
205.092
205.464
208.883
199.652
218.611
206.351
214.374
202.758
205.868
230.482
196.702
206.885
211.403
206.789
206.516
204.399
195.92
200.916
236.315
209.924
217.486
214.74
212.79
206.017
218.362
204.304
203.616
209.016
228.105
205.875
200.922
191.067
200.927
184.092
202.145
209.025
201.383
203.243
197.335
198.235
206.786
208.04
206.102
221.806
204.601
199.41
206.494
217.649
199.552
206.451
208.564
203.89
209.383
208.239
201.5
203.306
201.536
213.396
213.625
216.163
199.585
231.627
196.013
208.19
206.213
214.813
208.868
207.223
218.808
202.776
210.668
196.256
212.152
203.248
220.883
205.394
197.185
193.361
209.456
168.559
212.001
212.036
200.923
215.311
206.656
195.632
207.068
195.744
207.753
216.228
186.048
203.193
225.851
217.767
207.269
218.203
204.821
225.306
212.717
220.49
200.123
215.003
195.353
219.321
233.926
198.383
210.663
202.549
216.591
207.605
205.28
217.117
189.302
221.416
203.531
228.0
219.344
212.179
211.917
208.789
227.101
206.289
206.883
199.617
198.755
180.433
202.604
223.399
206.968
215.161
201.936
198.368
209.384
196.864
198.641
192.491
221.514
219.487
220.283
211.168
199.195
181.587
207.867
196.255
214.297
218.003
198.378
195.168
213.077
203.017
192.278
221.389
222.224
191.101
187.551
206.56
214.009
203.579
210.296
199.295
203.165
222.582
211.493
223.06
198.012
198.362
195.923
194.153
196.923
203.617
218.507
192.802
195.916
212.318
196.607
211.423
197.591
221.54
203.772
202.716
213.479
211.753
202.863
212.806
213.121
197.052
185.863
210.567
200.127
213.573
203.532
225.127
201.689
204.574
224.106
209.914
224.395
207.434
201.444
195.568
209.651
204.811
204.835
215.981
218.388
190.838
214.13
197.593
183.153
204.45
221.864
205.308
197.978
215.452
215.29
223.643
182.854
201.714
193.316
219.643
200.392
194.229
204.528
200.714
191.391
200.725
206.488
210.573
205.982
208.309
207.536
190.711
207.574
186.077
219.647
226.069
189.224
230.282
205.965
199.744
188.308
197.716
229.112
187.169
223.838
205.873
199.271
199.811
208.65
200.075
206.894
201.481
195.53
211.762
194.935
192.597
215.105
177.809
194.727
195.93
216.621
208.741
194.395
203.932
232.093
206.579
222.373
189.402
226.88
206.956
190.325
186.611
186.98
195.201
214.941
219.098
193.426
196.194
215.835
227.86
205.752
199.952
201.519
216.244
218.464
229.583
200.53
221.956
203.399
203.428
216.643
198.903
228.48
205.965
213.487
197.711
216.469
216.997
219.415
200.192
203.253
211.027
216.846
206.535
195.82
193.14
215.501
214.033
213.986
232.207
208.678
204.22
225.763
199.978
190.395
194.635
200.628
192.218
205.874
228.215
190.567
202.143
209.984
229.741
209.942
196.991
211.004
205.024
186.654
213.38
183.867
185.466
187.528
202.814
219.641
199.912
205.42
229.898
195.458
211.515
209.545
181.62
214.06
186.277
203.311
192.215
198.178
220.705
187.02
206.866
192.0
208.774
212.624
232.908
189.269
191.728
206.015
213.497
207.619
210.191
201.826
185.899
198.4
197.464
186.326
179.095
204.887
205.46
193.745
196.758
199.13
219.812
207.492
207.63
207.9
213.853
214.156
201.82
201.579
204.047
206.88
197.072
211.702
193.548
232.608
196.268
204.493
220.255
223.063
211.082
210.932
221.689
194.892
211.467
190.79
216.006
206.224
195.6
209.275
216.213
201.919
201.801
198.146
194.734
233.967
213.612
205.041
197.179
209.685
207.449
218.72
187.353
205.252
200.971
196.816
222.169
203.657
197.058
184.976
217.64
231.319
194.844
207.344
212.143
193.555
214.315
212.005
183.871
194.482
185.912
208.183
210.295
197.287
209.594
186.537
233.068
178.97
203.121
219.465
191.244
219.13
227.617
197.743
215.983
213.343
210.649
197.765
190.688
205.832
195.404
212.544
191.677
207.247
198.364
211.561
211.927
207.908
190.591
179.555
204.196
221.425
209.202
211.397
208.617
215.125
208.35
196.49
216.025
220.309
202.106
210.281
215.176
212.88
205.973
205.137
230.101
212.889
240.257
212.207
191.265
199.757
187.323
222.48
199.377
206.073
231.866
206.961
215.953
196.536
191.323
204.073
215.488
195.784
200.074
187.86
193.758
191.208
206.297
193.993
220.328
226.588
198.556
199.477
223.106
218.09
217.661
207.121
207.788
204.321
204.784
224.747
203.605
208.923
206.819
202.804
208.17
216.1
204.213
195.59
214.668
198.562
193.384
186.78
227.69
210.911
239.289
199.044
226.923
200.149
202.224
226.796
210.287
200.364
210.518
205.916
219.677
196.452
199.939
204.392
206.908
206.274
201.62
199.964
188.419
186.048
198.438
191.812
213.862
190.124
210.021
220.752
205.354
232.144
218.229
206.211
202.823
192.679
215.676
185.012
202.351
191.226
206.552
182.307
216.227
212.625
202.096
195.572
201.757
202.852
201.041
210.45
196.821
201.082
222.109
201.015
223.986
204.845
202.269
199.978
241.145
206.314
216.966
196.505
208.394
206.842
180.483
205.73
205.399
247.358
208.192
207.427
208.911
198.522
220.569
213.767
207.41
217.837
210.91
211.371
225.402
202.915
189.198
216.778
206.602
190.372
204.947
193.26
207.974
202.146
197.418
189.68
192.868
211.535
196.052
217.71
228.008
201.807
205.087
202.024
206.219
183.31
215.193
219.701
207.225
208.727
196.109
207.913
181.854
214.877
194.466
204.375
191.911
193.861
204.624
211.93
203.672
193.046
211.114
197.419
204.416
202.377
223.452
198.254
201.65
203.27
191.692
214.985
184.824
197.244
202.646
207.243
205.266
207.499
208.015
222.843
199.446
214.78
210.428
217.53
225.099
210.639
215.161
218.372
206.729
192.485
199.98
231.625
218.104
199.973
190.484
207.057
199.371
175.666
204.923
216.749
198.555
214.63
216.43
216.564
209.934
212.685
202.681
205.216
209.474
202.854
196.315
218.571
218.845
196.917
193.741
194.591
212.78
213.75
224.215
211.851
206.858
207.094
206.268
191.442
205.159
225.418
228.15
199.697
212.377
202.197
202.811
201.502
215.763
191.637
213.472
197.862
213.575
227.214
199.279
208.254
189.324
194.934
213.885
204.815
194.576
203.38
215.572
213.285
207.369
234.354
212.483
193.172
187.727
199.399
205.924
209.304
208.056
204.482
202.53
190.998
212.905
198.807
205.15
195.674
203.39
191.594
209.176
209.531
217.758
205.153
204.713
201.982
209.309
217.164
205.581
204.98
228.102
195.741
191.318
189.309
206.681
184.349
199.135
217.0
223.907
224.2
176.275
229.911
189.995
191.358
194.071
205.015
205.67
199.673
220.133
214.668
206.078
209.877
209.207
215.963
200.423
209.337
199.835
222.759
221.657
204.053
202.868
213.121
209.157
199.89
203.247
183.09
224.24
215.691
189.92
207.643
196.74
198.113
211.963
208.212
203.206
202.253
184.936
221.845
212.499
185.742
212.789
214.363
211.368
197.524
202.833
207.233
189.185
234.313
191.128
209.134
204.345
189.059
239.613
218.613
210.547
203.619
195.949
210.819
195.927
213.098
213.48
190.915
223.181
211.546
192.168
190.045
211.671
198.846
196.099
212.33
216.091
212.114
193.322
216.135
205.011
205.276
216.51
211.392
205.267
211.543
222.783
232.667
204.293
211.934
197.884
194.938
197.209
191.745
195.98
184.212
221.775
186.135
205.854
220.465
205.246
197.861
207.501
209.948
214.996
192.248
196.191
226.758
205.893
192.244
193.14
203.548
197.54
200.251
218.832
204.712
204.787
197.868
214.114
205.964
202.385
213.142
208.69
213.218
211.581
212.044
210.329
229.543
194.177
200.936
199.406
196.935
191.854
213.585
202.902
207.366
211.799
203.609
210.724
197.171
218.318
202.681
190.064
210.553
196.158
185.729
236.395
214.222
215.119
208.446
232.283
202.798
225.597
199.619
216.14
213.915
191.019
213.092
200.728
207.684
192.702
201.982
198.436
198.252
207.464
196.831
189.661
206.033
214.874
190.315
212.545
216.147
211.514
207.535
196.813
199.167
216.473
203.588
187.478
214.42
204.013
195.716
198.142
211.13
202.845
199.693
208.75
241.928
207.738
210.248
198.004
212.771
197.045
199.669
213.504
218.491
228.288
190.17
199.558
206.117
209.047
198.544
197.837
192.839
224.066
186.747
206.179
218.694
191.655
200.243
219.9
217.766
203.184
203.915
220.575
214.651
204.385
175.557
208.764
212.664
206.294
203.095
216.671
192.706
215.569
218.644
209.62
209.222
208.798
208.128
191.033
214.404
194.765
208.312
218.469
212.092
198.549
224.584
200.22
204.046
209.333
211.025
205.805
222.876
201.527
210.221
214.436
198.129
213.217
212.272
219.477
198.114
198.037
222.034
233.054
202.409
211.351
191.626
212.995
207.921
209.719
204.232
227.791
208.172
197.21
207.863
209.102
210.129
190.024
203.787
193.548
213.957
207.348
212.109
197.521
180.546
232.627
212.766
208.602
231.86
190.884
200.059
193.688
200.288
185.779
217.197
196.214
211.235
193.808
206.209
213.036
193.421
195.898
211.765
210.811
198.288
208.622
219.577
210.289
194.939
177.337
205.652
189.269
200.7
216.031
191.586
208.432
195.187
203.175
208.409
187.319
228.498
185.795
212.725
224.289
191.047
213.184
213.082
191.082
205.555
229.123
222.85
213.794
189.637
219.589
215.161
206.797
211.054
209.22
217.743
232.004
197.169
224.757
198.855
215.427
196.883
219.908
211.175
183.221
206.488
219.319
201.2
213.606
199.323
197.641
192.519
209.052
207.12
204.782
214.708
212.498
198.345
211.072
208.687
219.107
215.139
205.454
173.875
215.53
182.411
207.202
183.463
216.725
206.972
198.93
187.835
218.241
201.325
204.227
177.855
210.08
216.561
216.726
192.403
213.621
208.077
194.246
182.943
213.992
203.262
196.01
191.486
235.295
229.078
211.664
200.631
191.86
227.556
197.686
198.726
224.816
212.544
214.437
214.945
211.002
190.224
222.33
206.447
191.283
216.977
207.654
207.5
210.301
204.836
207.815
215.737
226.755
188.252
210.242
203.909
222.394
203.344
203.637
220.348
191.603
209.618
193.05
208.909
209.458
201.381
211.554
207.879
193.929
202.642
207.437
199.364
206.946
192.504
204.541
195.173
200.188
202.825
215.284
172.904
192.355
183.389
227.825
225.577
213.718
188.015
177.751
200.695
203.382
190.941
215.892
180.928
194.741
214.65
214.71
199.715
199.638
204.907
200.282
206.309
229.742
211.697
188.92
201.875
202.457
192.472
197.929
211.758
203.855
217.707
193.194
198.774
192.325
210.071
200.853
231.316
214.898
213.47
230.44
219.94
199.738
211.155
219.975
226.217
201.142
193.06
215.221
205.651
190.098
223.702
201.146
207.327
214.286
195.228
224.938
208.052
198.839
210.446
192.745
213.062
190.62
202.294
192.68
209.511
217.214
189.804
214.931
205.462
206.701
197.407
201.487
207.888
212.223
212.106
189.152
220.107
218.574
192.885
196.481
224.472
233.887
205.21
204.875
207.018
200.497
206.549
201.855
192.493
211.605
220.056
199.56
198.301
209.226
207.197
200.244
198.291
222.704
207.368
214.917
208.925
188.197
204.984
199.637
209.637
207.531
215.258
210.386
187.933
200.438
196.231
192.884
192.432
223.121
206.473
200.05
211.833
189.343
203.047
198.882
207.708
201.716
208.254
202.808
197.063
182.147
225.035
193.168
199.506
202.443
169.412
211.954
210.416
200.571
218.98
194.6
198.752
212.517
199.155
196.101
187.805
195.859
231.183
191.876
188.357
212.136
196.086
217.203
191.339
200.336
199.11
175.515
199.66
197.146
204.161
204.748
186.002
221.287
184.358
216.548
223.575
228.547
200.484
211.688
198.418
210.96
212.354
214.279
224.339
178.095
209.069
209.861
192.393
212.329
215.623
199.52
206.716
191.876
202.619
189.86
191.678
204.042
210.581
209.921
208.371
205.816
201.53
197.639
167.967
202.687
223.011
206.922
229.359
212.344
195.013
202.529
205.065
215.389
224.41
202.101
179.721
207.507
250.399
211.608
219.127
202.363
207.169
197.995
227.028
217.084
202.633
208.552
206.755
206.316
223.354
216.832
198.129
209.686
192.731
194.764
190.768
199.736
201.87
196.889
207.499
202.478
209.543
209.702
213.32
187.352
196.306
208.459
199.632
216.719
193.716
218.962
223.983
213.542
191.918
202.498
204.267
196.011
195.527
203.368
183.186
214.013
200.498
204.922
200.625
218.878
205.915
197.789
202.687
187.49
232.571
195.96
216.15
194.204
188.494
221.831
200.526
205.232
207.534
206.711
189.495
191.544
217.401
216.866
203.382
179.92
200.771
188.942
204.201
189.064
208.485
208.53
190.208
213.906
199.658
212.886
212.674
224.497
222.196
201.157
226.609
193.586
190.893
191.202
222.368
217.775
219.039
194.496
210.008
207.975
216.448
223.208
187.176
218.535
202.859
205.685
195.268
212.787
194.347
205.796
212.881
219.0
215.34
206.172
211.316
199.475
215.045
192.182
202.705
204.997
214.189
200.884
219.127
206.314
207.582
191.151
205.177
200.392
193.952
200.721
206.531
225.232
191.821
204.211
198.28
199.123
198.587
205.091
192.221
202.375
200.827
227.768
206.325
217.948
213.873
191.819
219.162
212.434
205.01
209.563
197.466
195.451
205.148
185.29
197.588
197.83
187.942
183.73
232.781
196.213
224.449
209.936
197.279
187.96
217.032
201.014
203.03
213.841
201.666
206.23
228.492
197.02
210.079
213.352
201.979
216.562
197.204
218.343
202.306
205.532
213.356
200.544
200.375
218.878
209.198
195.789
205.212
197.739
198.254
209.113
213.759
201.868
202.372
208.673
221.749
218.891
201.303
225.405
210.506
229.092
216.685
216.698
205.601
209.81
211.677
210.295
182.872
208.213
212.296
184.654
203.996
208.02
179.77
193.12
218.861
194.632
218.555
200.54
185.632
194.685
193.612
216.032
188.55
209.593
203.718
198.044
202.87
185.917
213.905
206.91
225.299
195.934
212.367
218.685
219.944
239.78
204.597
215.254
229.751
212.548
220.35
201.087
208.846
215.718
187.709
202.563
202.893
211.915
194.749
199.811
217.704
170.503
193.781
203.582
199.571
206.965
204.115
202.588
208.506
187.92
204.49
207.751
202.746
197.737
218.704
215.403
192.75
204.503
218.017
195.243
228.341
203.97
213.109
211.73
188.438
200.007
200.438
200.496
215.339
201.84
214.368
220.698
191.777
218.742
207.738
228.958
225.528
206.032
218.037
201.214
205.661
197.181
202.534
211.127
205.753
195.705
209.505
209.471
205.518
220.767
202.446
189.914
213.158
223.973
204.097
190.942
192.671
232.093
201.742
201.761
221.859
192.418
203.763
198.402
212.989
218.711
207.719
201.66
222.117
190.474
208.659
212.747
199.381
186.978
173.558
223.466
212.851
206.968
219.685
201.886
213.726
215.878
204.799
208.111
199.772
199.502
209.585
198.157
213.689
208.908
232.412
188.401
202.763
207.522
185.985
202.33
212.086
214.595
207.295
200.527
218.111
197.919
191.785
218.018
201.919
218.681
189.042
206.423
211.858
209.469
227.774
216.514
209.117
194.509
199.913
216.235
185.534
202.672
221.386
210.731
203.137
227.49
217.861
203.722
191.593
201.627
212.783
204.091
208.063
205.668
187.884
195.666
190.884
201.476
213.644
202.096
221.449
193.929
206.294
207.337
218.646
197.309
204.774
202.637
208.2
197.854
208.152
212.362
182.992
188.955
205.159
197.347
206.648
197.929
211.726
189.869
186.048
199.968
178.287
202.269
207.637
204.899
204.035
222.465
200.337
210.709
179.835
214.958
211.964
211.545
215.607
209.398
180.328
202.463
209.452
206.856
209.079
190.358
199.037
207.522
197.531
174.415
188.341
200.512
218.02
225.57
201.823
189.075
175.449
192.316
235.42
210.71
216.291
201.361
205.339
209.209
202.98
188.757
207.167
214.353
202.344
225.863
214.907
200.965
211.741
193.584
213.223
211.523
190.615
197.688
222.47
232.196
211.203
214.332
206.816
223.07
197.952
236.222
214.486
247.586
197.75
202.105
196.207
220.064
212.247
228.345
231.026
199.99
201.123
188.803
197.863
214.982
209.587
212.473
230.27
211.389
198.96
206.482
184.152
221.999
205.942
222.404
218.107
223.881
224.756
240.591
200.158
212.628
212.807
216.741
194.293
214.922
217.353
211.49
215.877
216.037
234.293
217.114
183.683
194.511
191.113
198.933
231.756
195.872
202.423
212.136
222.317
217.4
216.614
219.933
195.107
205.73
212.54
226.919
204.553
192.171
200.744
198.546
195.846
214.949
198.06
204.444
194.317
196.545
212.536
202.962
221.34
196.143
209.816
218.064
192.859
201.384
197.004
194.995
215.719
194.058
214.614
215.552
198.83
216.703
218.554
221.747
206.216
197.169
193.309
210.374
201.152
193.689
205.617
231.69
217.548
219.518
223.558
207.503
211.003
208.142
209.492
203.596
190.395
198.081
204.434
206.234
182.82
225.239
215.883
200.76
220.884
219.165
205.824
219.241
211.839
188.519
225.822
188.492
195.119
206.87
212.324
195.176
198.489
199.972
194.1
195.005
217.946
216.413
186.998
233.452
207.659
213.125
191.582
200.458
202.41
209.157
216.966
213.902
196.673
220.524
210.164
196.738
218.553
228.32
193.259
192.746
208.296
226.83
194.441
199.109
200.879
211.466
201.705
185.576
211.704
194.392
205.424
200.638
213.653
219.515
231.598
189.294
204.005
202.034
220.57
206.986
209.39
189.577
211.211
212.524
239.625
203.36
215.335
185.876
216.369
206.452
217.608
204.024
226.613
197.688
197.068
225.585
192.176
215.702
196.134
213.767
204.527
212.02
207.256
218.221
202.271
219.346
219.109
207.661
231.253
201.708
221.826
218.792
183.921
193.064
192.751
207.655
209.578
192.442
207.968
199.358
238.372
200.047
198.075
218.811
222.287
203.148
215.752
211.32
210.856
212.149
220.376
190.347
193.676
210.973
201.793
201.859
185.908
208.507
208.431
205.438
195.025
213.077
217.559
201.672
212.331
204.195
210.622
209.803
195.647
211.567
199.253
214.777
200.307
205.467
223.0
191.215
219.29
199.35
186.393
201.945
215.652
230.458
209.662
197.321
207.339
214.747
192.831
186.44
233.642
233.639
203.929
204.775
223.745
183.879
215.731
201.784
197.223
208.273
201.307
178.876
207.139
221.358
204.504
218.561
214.884
201.213
210.319
219.885
220.871
207.178
209.092
202.929
209.877
226.202
206.321
214.358
184.858
206.791
214.107
224.789
217.183
198.586
207.259
208.339
195.375
192.061
201.05
208.648
214.909
190.604
223.662
214.922
197.65
204.726
179.312
212.702
227.024
212.76
202.596
205.146
225.411
207.893
200.23
221.844
221.834
197.794
205.8
205.403
210.688
217.557
203.928
221.535
192.593
203.987
186.029
202.218
218.311
211.174
220.712
198.943
200.667
187.18
198.472
186.151
212.171
205.307
201.327
204.169
194.626
196.189
186.408
220.883
217.665
197.37
208.589
197.412
204.311
206.899
203.458
206.578
213.613
185.139
195.578
207.302
220.972
200.478
208.93
230.774
187.389
205.416
212.786
219.532
211.661
222.172
209.634
212.43
198.794
207.402
190.947
217.18
203.389
203.585
200.08
194.194
209.556
204.476
220.857
187.043
218.745
221.688
206.023
204.639
203.459
224.314
197.532
198.373
202.934
231.24
186.183
213.673
195.218
226.388
192.355
216.25
207.418
207.693
207.143
196.628
196.328
209.423
191.038
218.734
201.768
232.648
207.524
209.371
226.149
216.763
184.018
214.227
221.273
220.237
187.507
201.661
202.546
202.712
213.195
228.01
204.932
214.217
185.354
209.639
215.553
192.264
178.64
203.636
196.877
223.692
205.574
206.985
212.994
213.351
200.084
208.152
201.541
224.45
208.728
218.48
200.933
196.881
192.096
209.37
203.193
213.828
224.73
210.323
222.355
188.291
205.612
201.791
191.817
200.454
191.053
219.754
212.84
204.73
187.64
209.846
209.766
202.673
212.557
237.184
211.827
218.211
214.605
211.289
227.933
197.679
200.286
209.721
213.221
214.395
198.068
200.885
207.196
190.494
225.288
216.698
218.844
216.961
195.439
187.952
203.139
211.902
204.981
191.106
212.244
200.299
226.162
189.965
216.759
212.944
192.344
226.292
206.483
184.859
210.038
192.862
210.342
218.429
227.327
228.235
212.713
211.683
205.952
203.573
226.579
190.452
211.77
205.445
188.062
207.742
206.898
227.645
204.728
217.613
187.222
208.985
191.887
225.372
203.22
221.571
226.464
212.754
208.83
213.251
215.874
210.829
190.672
193.273
212.979
193.001
199.72
224.33
205.6
197.695
222.879
215.049
189.079
189.361
220.908
201.12
212.305
201.955
205.488
190.988
220.509
226.648
206.742
196.975
181.519
200.604
211.735
202.172
223.182
191.293
215.008
184.457
203.848
212.799
212.519
223.164
211.819
226.226
203.689
212.667
209.857
217.965
220.892
197.81
210.709
201.354
219.045
219.087
216.923
217.789
190.795
209.755
214.782
204.449
200.976
197.162
200.448
183.402
203.86
194.206
214.78
215.048
202.507
200.144
189.412
196.042
198.659
189.761
218.65
214.426
190.137
199.547
212.661
202.205
208.862
220.598
203.712
198.419
205.751
208.9
227.748
206.148
203.473
200.523
197.538
215.137
198.683
183.772
185.85
201.819
201.152
202.689
200.941
204.442
216.852
215.605
202.416
194.964
209.921
204.528
195.284
204.412
229.379
185.936
181.801
204.519
201.085
192.265
191.788
199.395
225.348
199.196
217.968
193.628
211.107
189.385
192.517
206.187
213.031
216.735
182.294
203.118
193.487
207.565
202.396
208.907
194.662
213.76
218.081
203.415
206.767
190.449
217.083
204.213
225.368
214.809
211.908
224.717
202.866
212.57
206.473
204.636
201.681
188.9
204.059
206.574
213.03
219.735
196.864
221.744
202.515
230.416
205.291
215.553
219.719
204.446
206.338
200.741
224.633
208.038
214.84
201.826
219.492
199.168
211.685
223.851
215.598
198.55
204.854
214.643
207.977
203.671
195.276
190.059
215.982
205.783
198.966
196.958
211.196
208.279
180.677
194.543
221.694
203.028
204.531
220.1
220.449
216.096
218.284
220.471
226.617
196.146
200.21
226.006
213.717
196.979
230.236
191.26
207.897
193.257
184.253
228.177
212.847
220.328
196.311
231.451
214.134
203.162
191.483
197.059
219.114
210.43
199.927
201.375
194.523
200.831
189.926
206.856
207.895
198.782
206.546
205.012
194.682
191.583
209.226
211.676
209.616
235.002
203.918
212.882
210.582
188.393
206.649
212.249
196.674
204.813
237.591
214.325
207.672
203.182
198.589
216.141
231.57
195.176
213.01
198.867
200.491
208.018
237.298
220.589
212.479
202.941
198.85
206.886
197.888
214.041
173.88
194.768
198.471
215.098
195.686
212.139
205.866
199.377
205.498
227.088
203.299
201.157
187.354
201.74
205.681
182.051
216.933
211.896
223.221
199.457
205.115
205.077
226.515
209.049
209.399
235.147
203.98
206.647
199.304
189.653
219.996
218.417
198.906
204.001
205.755
180.539
221.952
216.763
210.154
208.243
208.034
189.952
209.301
199.74
215.266
186.176
225.505
201.237
219.989
209.735
207.982
214.603
218.065
216.297
193.704
199.698
212.241
208.982
185.571
213.404
202.533
225.455
188.475
207.277
220.737
205.054
200.129
189.434
219.506
220.917
211.853
206.672
197.124
216.308
210.493
204.804
188.947
212.414
211.213
198.68
203.754
205.378
213.61
210.322
205.797
200.937
201.47
214.112
197.574
207.332
215.088
237.592
205.284
213.325
208.992
205.092
214.938
211.845
185.285
220.886
209.105
197.109
202.608
216.789
215.615
232.418
200.212
212.401
181.59
184.97
223.699
215.373
202.707
211.355
211.221
201.479
200.753
185.692
203.599
190.153
204.646
205.319
203.521
212.516
200.666
220.613
212.632
212.788
204.854
191.235
218.323
230.982
201.148
192.801
202.495
204.749
187.581
196.87
187.686
188.217
199.801
199.512
194.651
205.636
204.432
204.103
201.465
207.029
178.135
201.786
214.24
196.187
226.699
191.55
195.501
203.545
218.927
195.29
219.285
212.808
205.34
187.587
211.504
198.141
206.749
211.62
211.953
217.171
233.506
201.237
213.22
204.766
198.208
204.527
205.073
216.368
210.678
207.089
224.429
194.619
204.192
211.456
206.511
207.763
208.142
187.099
205.142
220.765
188.235
207.349
222.028
199.304
210.693
211.954
195.137
212.185
207.323
222.262
213.52
197.924
207.65
222.847
207.031
211.394
218.935
199.029
225.173
197.325
225.796
204.36
220.782
193.818
203.927
211.854
192.755
182.641
196.174
194.926
218.879
221.149
216.008
192.923
199.868
191.407
213.18
196.837
221.34
221.18
223.716
209.46
203.058
194.994
217.598
199.377
202.948
200.77
227.347
186.692
196.305
195.69
201.95
216.986
226.852
207.067
208.221
201.005
205.008
201.866
218.85
207.916
206.733
176.51
200.686
204.623
208.835
197.807
200.53
206.165
183.205
199.986
215.534
211.18
222.38
236.46
220.519
213.66
201.475
201.802
219.077
219.503
208.02
207.084
206.541
194.665
213.137
219.909
206.225
189.18
209.996
207.342
205.117
205.253
186.181
195.461
219.079
202.502
197.264
202.075
233.09
210.062
216.43
218.897
212.88
209.829
213.292
216.448
213.24
210.073
207.801
191.481
219.705
234.794
218.034
211.631
193.846
213.968
198.689
189.756
197.615
200.947
208.257
201.836
208.585
190.914
206.568
206.229
228.083
214.737
205.211
213.83
217.067
212.791
192.047
228.1
224.922
219.434
191.872
221.312
230.818
198.542
212.581
194.604
231.194
206.621
209.386
192.783
208.325
216.615
206.294
209.15
196.287
197.317
227.19
205.364
175.957
187.53
196.952
217.81
223.508
192.263
204.599
218.944
212.618
217.79
211.067
189.365
212.949
192.224
207.745
205.373
200.692
239.273
213.422
192.372
189.99
214.413
215.341
224.264
184.353
235.816
218.834
186.586
217.858
203.894
214.153
204.319
204.577
201.637
192.407
210.058
213.243
210.274
216.737
193.636
224.98
204.141
205.682
199.773
197.532
188.586
228.122
202.397
203.079
216.353
194.532
220.237
199.274
202.746
197.873
224.462
199.996
218.737
192.82
214.233
232.667
218.137
198.167
228.103
208.912
215.031
209.919
193.177
225.192
196.84
200.361
189.086
193.48
208.862
197.564
196.172
224.036
201.892
181.435
177.447
180.175
204.564
205.621
203.785
180.514
201.027
188.451
209.203
208.414
217.675
201.647
203.697
206.958
195.846
188.228
223.595
223.106
200.022
194.231
206.715
208.682
209.812
194.553
188.315
208.789
220.756
221.283
198.113
189.65
214.866
206.94
214.069
213.474
199.85
202.954
210.819
216.38
202.471
222.546
192.589
183.996
199.817
205.121
213.941
189.751
175.511
219.819
211.034
225.308
224.753
203.839
204.889
204.151
199.837
213.673
209.391
196.642
206.528
208.213
211.778
202.499
202.198
195.994
200.034
196.984
221.55
211.674
201.515
198.512
184.559
183.104
207.139
210.387
211.49
224.131
197.503
199.538
209.88
230.187
193.785
227.186
198.223
202.261
177.05
190.262
203.134
217.845
204.952
209.663
190.076
196.737
197.665
196.559
215.179
220.319
194.993
209.756
193.15
209.845
215.439
169.648
199.717
205.725
209.943
191.564
198.434
215.537
217.461
203.529
203.765
214.361
179.146
202.142
197.953
214.855
204.161
208.296
208.094
198.559
209.913
204.638
193.905
210.455
208.393
208.632
211.517
220.01
196.387
220.486
205.665
208.004
201.105
172.882
197.778
176.35
204.617
199.528
221.956
197.146
204.09
210.345
215.284
211.297
217.827
227.609
178.261
192.15
191.155
194.606
199.435
209.718
217.302
204.174
199.427
212.323
205.77
222.995
210.569
185.267
207.15
209.579
210.14
215.393
191.186
228.899
194.18
180.21
216.664
199.332
208.282
200.99
223.204
200.097
201.564
200.443
209.122
208.061
197.272
201.881
213.516
215.449
217.47
207.405
206.788
175.702
220.368
200.114
222.026
201.896
202.457
211.965
212.714
228.219
202.629
206.312
212.379
200.078
214.96
212.21
219.561
209.774
196.195
221.599
200.814
201.107
215.612
215.783
216.196
221.334
205.541
219.078
188.965
199.16
192.222
221.55
190.739
187.606
197.026
201.244
202.717
195.411
198.971
212.98
205.51
192.686
200.295
188.786
216.791
187.108
218.778
216.559
229.521
197.57
189.244
200.549
226.669
179.954
200.098
182.491
203.498
209.334
220.994
193.172
226.452
216.123
204.132
228.988
199.861
209.661
222.619
237.707
204.63
212.243
192.181
210.321
211.604
228.827
205.206
217.229
224.365
201.834
187.51
187.018
194.323
197.36
199.573
221.318
205.417
199.763
188.884
206.385
206.584
217.959
197.197
205.332
196.064
205.22
200.321
228.833
214.911
209.983
216.439
200.092
225.671
186.086
224.302
208.077
228.789
221.464
214.249
223.803
198.326
193.782
194.703
205.144
214.71
207.526
209.615
197.146
184.954
184.482
221.85
199.289
209.24
197.284
196.195
195.534
210.69
197.152
221.14
239.386
211.807
193.003
204.827
199.435
204.333
203.049
193.218
198.065
209.595
185.372
187.552
213.898
219.721
216.93
228.246
212.174
203.692
223.345
205.828
196.677
218.283
204.449
208.9
225.035
220.125
204.093
180.134
214.88
224.397
202.339
216.583
210.883
221.994
212.819
206.904
200.132
169.09
208.926
208.854
217.19
203.376
222.467
205.133
205.369
194.304
198.812
206.955
212.282
216.982
199.651
222.534
217.18
225.43
224.636
196.115
228.968
181.609
209.248
199.78
200.416
205.111
197.955
196.46
221.33
216.154
203.3
188.955
215.228
194.959
217.403
214.957
225.32
212.786
196.332
201.002
213.633
211.407
220.817
202.529
215.399
197.66
191.728
192.691
194.395
207.553
209.463
206.431
189.802
195.006
206.317
199.783
212.362
200.523
196.627
195.109
210.962
244.277
221.946
210.767
222.458
220.192
208.737
199.625
212.102
193.715
192.928
206.016
202.908
196.622
209.656
211.807
199.963
210.203
200.827
205.785
184.172
216.625
198.454
233.454
205.634
203.287
194.674
192.857
210.724
168.911
223.743
233.926
212.523
198.294
181.673
219.442
189.921
212.407
223.059
210.226
212.236
190.667
195.72
223.919
190.656
217.026
200.34
223.316
196.382
201.061
217.833
204.505
214.408
183.822
199.789
198.846
213.078
184.919
216.863
207.113
205.748
187.947
201.147
208.082
213.02
203.842
200.283
220.559
188.644
221.49
210.363
212.691
195.794
211.168
215.614
196.521
202.507
225.263
200.171
220.542
216.899
224.666
218.868
204.334
184.032
210.094
195.698
184.961
198.074
193.931
201.268
204.73
216.865
198.871
197.203
234.393
225.484
204.223
203.8
215.557
221.011
203.912
223.729
201.052
208.878
201.023
193.697
210.51
200.096
206.953
195.8
207.531
199.706
210.981
204.196
194.476
212.323
202.831
205.734
194.623
220.662
226.119
203.036
200.632
200.014
215.391
200.751
197.408
218.915
201.112
197.287
194.224
197.75
204.53
211.574
227.316
190.492
180.999
204.266
220.226
195.445
178.981
200.966
211.86
205.794
212.4
205.782
201.667
206.979
225.402
200.505
209.124
225.567
192.867
192.713
191.057
208.788
217.264
200.174
184.714
210.54
210.094
212.668
208.184
189.636
212.77
194.752
201.949
220.53
213.971
222.913
197.507
196.111
209.123
206.765
211.379
205.98
215.396
228.94
221.962
188.527
189.19
212.207
230.651
218.657
215.7
202.765
207.837
192.457
218.121
197.718
208.845
208.009
201.486
197.838
224.806
212.595
222.43
214.343
204.471
217.443
213.789
236.78
199.494
202.538
198.218
220.601
210.03
195.945
211.508
187.412
235.109
195.559
194.849
200.841
185.979
190.608
203.774
184.528
220.337
198.019
178.834
219.171
191.744
206.629
204.087
210.793
233.781
203.721
202.641
203.457
200.901
211.577
198.887
191.938
206.585
206.34
196.231
211.829
227.115
199.672
225.004
205.83
199.691
178.722
198.756
213.764
201.338
183.447
200.598
198.835
209.603
222.435
198.856
220.876
201.732
190.626
212.004
204.262
211.912
180.395
218.868
215.652
210.888
215.22
190.219
202.351
193.3
209.132
209.475
179.438
215.04
221.97
207.773
213.189
226.083
200.528
209.448
183.659
202.146
205.341
200.458
210.761
197.296
202.005
183.584
188.939
218.139
196.174
193.833
198.936
190.405
211.889
207.027
197.639
225.06
219.188
205.193
209.014
218.248
231.01
191.554
201.253
227.725
209.983
204.39
188.028
180.487
208.915
209.84
202.26
202.347
200.141
219.73
203.546
215.528
187.65
213.973
199.814
200.571
192.312
219.054
225.553
223.058
205.987
201.627
199.386
204.01
233.692
222.681
197.448
202.773
227.249
189.825
213.445
211.939
208.627
219.152
205.679
215.942
182.804
231.645
199.736
187.138
209.041
201.805
202.085
206.612
195.606
189.32
214.155
193.672
226.031
202.868
205.945
187.93
218.085
212.742
196.07
207.098
226.084
197.829
199.51
196.824
189.795
216.895
211.352
208.689
208.163
203.693
201.177
195.827
220.53
205.235
208.688
218.731
198.636
223.327
202.455
220.004
211.869
212.581
203.219
199.942
232.069
217.469
211.977
222.139
190.74
204.126
228.451
217.353
222.169
194.295
218.636
215.197
210.331
200.27
205.237
215.421
204.709
211.017
183.829
205.107
200.533
213.256
205.759
201.516
215.452
210.308
195.524
206.055
184.853
217.257
228.583
221.641
195.106
185.728
220.094
193.665
223.885
198.425
201.072
245.074
224.665
200.778
188.816
209.95
224.147
193.57
201.007
190.878
191.635
203.96
190.452
220.185
203.349
197.448
209.194
202.23
199.677
193.294
224.725
211.404
198.512
215.727
212.626
220.093
196.523
202.192
221.869
206.805
203.539
194.637
201.162
200.621
205.914
204.438
202.321
194.578
190.363
202.75
210.215
201.397
215.371
200.836
194.052
208.746
184.252
218.731
195.327
213.892
189.836
199.313
202.508
195.049
202.133
198.663
219.574
217.833
200.402
197.891
213.331
221.208
188.986
222.932
219.486
221.229
207.282
190.848
205.153
203.868
200.892
198.205
204.404
211.821
184.154
202.249
207.198
214.235
193.767
189.721
214.194
201.426
206.196
189.765
202.996
210.177
201.614
208.206
207.884
214.51
196.68
207.768
220.456
216.375
179.114
188.638
196.13
195.072
195.735
186.82
213.209
187.113
214.227
220.519
209.123
195.169
203.195
208.71
193.772
207.246
203.948
199.261
217.276
196.456
201.25
187.711
212.992
219.125
197.326
196.041
213.463
198.22
222.685
208.983
221.041
217.636
214.666
206.252
202.104
211.929
182.994
224.464
201.921
196.065
212.979
218.048
220.716
197.554
208.919
223.358
197.678
202.665
219.417
199.29
200.366
221.178
198.886
211.654
196.208
197.801
211.207
197.814
213.084
203.879
202.867
194.132
189.959
209.12
202.915
204.746
210.097
215.093
198.406
217.135
206.44
216.379
205.265
200.133
181.516
205.661
206.16
214.911
190.004
233.851
240.664
209.516
209.087
212.42
193.878
226.566
221.33
212.666
198.238
208.011
207.58
218.081
214.961
188.067
213.545
184.291
217.065
185.89
200.455
200.393
196.449
197.425
214.314
182.583
170.643
210.186
210.916
206.844
200.03
188.286
208.627
199.187
192.761
204.697
197.273
200.121
217.023
194.703
193.098
192.816
210.696
206.279
209.044
201.261
221.04
179.316
242.289
215.743
216.315
211.865
205.766
191.153
205.846
180.271
201.149
201.489
206.091
205.448
222.0
242.323
202.819
196.452
182.535
199.397
217.179
213.837
189.337
223.208
217.626
198.336
190.987
207.019
210.593
206.382
175.721
206.807
210.472
216.76
215.257
201.106
211.068
214.787
202.736
203.858
206.431
204.964
231.306
211.797
213.232
206.092
214.519
207.618
209.047
208.219
196.314
207.299
207.039
219.845
225.643
192.972
188.973
214.163
199.978
200.49
198.495
200.581
224.217
200.584
198.514
194.574
205.22
200.183
208.225
202.147
214.833
204.154
210.775
212.809
214.399
204.649
209.018
181.799
204.309
230.552
212.604
188.736
198.212
204.454
188.031
206.637
209.148
196.311
184.199
209.242
199.946
194.423
191.9
205.196
217.418
205.96
215.456
202.883
213.965
219.606
199.123
188.803
201.747
198.939
229.841
189.708
198.358
217.222
199.478
217.424
203.408
198.302
203.393
202.296
208.943
182.421
207.31
208.182
207.899
216.145
218.055
197.762
209.624
206.212
216.452
217.812
209.543
216.748
219.829
180.376
207.49
199.532
202.054
204.018
205.994
215.93
224.055
216.455
213.414
201.774
204.179
210.254
209.953
214.009
202.055
188.026
193.17
187.296
193.11
209.968
225.265
209.446
216.324
211.641
198.592
206.074
189.083
225.448
190.934
197.422
206.798
208.586
208.702
214.812
198.099
196.913
190.04
213.205
198.174
228.245
192.355
209.672
198.864
196.951
208.302
220.854
194.308
203.797
201.33
207.597
207.532
202.752
206.574
202.302
196.318
207.342
208.295
212.264
203.437
206.985
222.579
216.2
201.262
204.955
202.637
226.007
213.948
200.645
181.332
230.659
226.575
203.136
209.596
199.392
208.03
200.782
218.245
197.147
208.646
209.958
208.797
220.966
220.954
200.695
205.919
228.328
216.526
209.941
204.188
208.576
181.873
199.877
211.701
201.838
207.628
186.197
190.9
216.233
188.619
204.071
183.641
207.566
201.399
197.38
204.045
198.638
212.283
227.454
207.09
187.387
202.474
223.531
184.383
210.949
199.897
212.85
237.511
188.475
191.23
232.627
198.108
191.917
226.193
182.362
220.375
204.711
193.315
213.392
219.926
219.74
212.247
189.078
211.834
213.636
210.494
222.713
218.98
222.295
213.983
229.727
206.355
219.297
191.036
219.948
195.236
206.964
226.126
203.971
204.486
201.436
227.869
205.29
204.2
220.895
202.859
235.152
202.021
210.55
206.154
213.793
211.442
197.694
201.635
208.895
211.538
213.493
218.143
201.021
192.511
200.492
210.544
207.841
200.39
211.679
208.127
212.157
217.316
198.335
194.241
197.207
219.194
189.791
217.968
210.465
208.703
172.112
209.324
182.592
221.96
205.144
209.281
208.482
205.855
211.755
213.879
203.39
225.773
224.004
216.352
202.92
214.517
191.41
215.798
216.721
178.5
215.567
199.674
197.973
204.292
198.282
217.495
210.738
199.686
213.039
212.068
202.129
208.173
205.893
221.01
206.717
195.324
224.262
201.758
224.52
205.869
205.356
196.379
207.504
213.085
219.087
207.733
199.276
209.063
208.514
201.064
185.924
193.584
210.632
205.806
207.364
209.102
217.139
205.211
189.411
221.984
225.941
204.487
207.387
210.708
212.974
199.914
221.18
245.083
226.5
210.931
223.937
213.241
216.527
224.153
227.026
196.72
213.52
204.628
190.926
206.602
200.179
196.535
210.252
211.958
219.626
197.285
229.194
218.496
200.213
203.134
189.05
212.898
200.653
191.021
197.192
214.336
198.514
221.531
211.027
196.858
213.22
204.375
217.867
208.316
200.41
198.985
227.148
207.529
184.643
205.035
220.307
206.275
191.647
204.622
203.697
169.249
201.429
217.965
208.54
201.906
212.016
217.423
183.479
203.115
228.896
178.104
193.382
218.1
202.72
212.42
205.114
207.73
179.623
184.222
191.961
210.45
195.354
204.304
188.267
210.127
195.119
193.17
226.317
195.562
205.955
201.306
204.901
216.694
208.17
198.685
203.931
208.391
198.895
205.367
212.724
221.774
190.264
200.034
201.713
201.238
187.999
203.371
213.83
224.519
200.487
175.679
215.652
193.954
206.588
192.069
198.82
210.764
209.51
202.976
206.671
221.347
189.699
215.001
231.68
203.609
215.083
212.979
221.65
186.496
202.468
206.999
209.681
205.303
186.392
213.062
232.805
227.777
190.496
192.384
214.456
196.086
209.938
199.795
215.652
207.981
207.558
226.532
205.266
217.325
186.516
202.481
201.873
202.42
212.288
221.447
221.27
208.563
215.742
202.735
203.021
202.967
179.213
205.134
213.499
191.524
201.439
201.252
210.014
210.979
202.276
190.417
207.646
195.846
188.164
188.77
221.687
203.116
203.141
207.253
226.015
203.519
195.858
193.728
208.074
210.059
202.529
205.077
195.197
220.462
206.223
199.283
208.051
205.181
205.529
235.306
212.461
217.953
203.043
195.606
201.782
207.565
198.869
225.799
210.592
234.998
192.813
204.697
185.31
213.733
211.164
182.842
211.647
223.489
215.297
200.876
204.895
200.527
220.034
201.672
197.969
202.902
204.451
213.074
203.063
221.019
196.856
206.716
199.974
173.893
197.203
211.655
204.73
212.33
209.714
200.988
224.857
207.367
199.614
196.474
180.566
197.058
206.684
198.348
220.263
212.202
212.969
194.376
209.009
219.066
203.419
222.414
198.494
213.827
207.159
218.884
226.566
183.107
204.603
180.084
190.338
221.307
201.679
207.856
225.937
206.741
189.132
213.475
191.709
192.283
213.527
202.722
203.437
228.05
189.658
194.39
218.48
211.136
212.735
200.581
229.662
211.263
180.355
198.486
208.326
188.736
217.426
199.126
212.923
205.22
211.292
205.456
215.805
202.83
200.277
207.936
192.619
213.154
200.702
202.589
214.378
215.539
207.667
170.089
209.077
185.649
210.11
193.479
224.551
220.283
214.382
216.41
195.537
195.727
224.939
197.102
208.873
226.682
204.455
180.098
203.634
212.294
202.467
194.106
198.46
200.678
212.398
212.233
215.09
191.575
198.382
206.2
196.876
178.179
202.774
199.061
200.001
202.45
204.252
201.54
205.717
200.933
191.172
208.314
205.411
226.791
210.186
194.577
214.163
203.95
197.91
220.48
193.227
214.376
197.017
188.499
209.803
205.434
198.58
212.284
215.666
200.631
212.201
214.727
208.994
209.81
228.019
206.158
197.337
206.257
204.755
228.986
203.711
215.086
188.032
202.803
209.775
184.907
215.791
211.703
187.343
226.201
208.254
220.845
197.555
213.048
234.793
201.109
205.056
190.174
204.918
191.549
205.821
187.081
216.79
183.427
222.188
214.494
188.666
201.224
233.317
213.579
195.599
230.781
201.53
232.068
211.584
200.649
203.336
224.863
200.381
214.562
223.196
216.457
182.615
196.445
212.246
186.618
193.92
214.597
212.614
216.604
246.196
215.521
193.074
206.696
221.111
202.83
181.951
203.861
203.9
209.335
207.493
224.965
210.172
203.641
244.184
220.548
204.19
207.034
198.639
202.629
215.487
196.891
203.834
195.865
204.974
210.638
196.635
179.796
216.25
193.381
224.053
201.044
194.692
193.924
191.274
208.965
207.134
207.038
215.243
179.574
205.766
187.513
210.462
209.282
200.075
204.066
221.248
217.538
200.214
223.978
230.847
208.376
209.615
205.489
223.894
197.67
224.359
204.46
215.47
208.83
196.566
204.018
199.634
213.789
200.613
206.05
206.304
194.286
211.183
219.285
214.126
213.756
216.972
201.698
209.639
199.889
202.914
208.747
183.841
222.337
193.53
226.872
214.53
203.667
207.229
196.845
213.329
217.472
217.92
222.678
201.447
194.221
214.201
205.976
203.703
208.522
190.458
186.479
211.648
233.909
198.466
204.598
213.23
200.044
200.103
210.319
202.268
213.343
205.615
214.797
203.511
204.527
213.99
228.379
217.005
197.858
217.98
209.557
196.801
199.654
216.698
215.714
190.806
193.982
207.439
196.049
200.465
201.683
208.082
204.601
213.157
198.824
202.157
214.675
215.364
201.034
219.884
223.13
214.495
225.328
200.834
214.591
205.823
192.874
198.886
223.359
204.26
204.926
205.679
210.613
188.636
192.087
221.952
219.609
195.969
212.866
195.581
213.433
212.922
203.465
196.321
209.104
199.753
204.535
214.889
211.888
198.868
215.559
203.388
204.048
218.76
201.742
223.839
209.678
184.27
204.142
212.039
200.661
222.071
201.383
197.652
207.415
196.503
197.233
218.608
212.803
200.699
206.395
201.834
192.863
199.488
205.11
191.578
179.694
209.262
201.949
212.762
178.237
222.036
214.541
213.364
215.009
210.029
195.455
214.969
209.021
206.0
218.786
197.86
214.15
203.104
217.937
213.019
217.783
196.537
199.732
209.393
200.177
211.814
214.655
195.816
192.397
207.601
183.651
216.695
206.656
196.729
200.122
229.605
193.947
187.204
194.113
207.647
224.668
230.18
209.719
195.763
190.031
218.046
224.751
216.635
199.771
194.389
225.394
192.303
197.462
186.568
212.764
220.259
210.958
202.156
219.728
190.949
201.062
217.834
214.571
198.385
211.324
193.261
205.094
208.366
211.731
217.693
207.003
212.717
203.104
193.977
200.85
201.237
193.659
207.326
213.324
190.319
208.173
193.461
204.195
206.587
217.594
213.904
196.729
205.085
212.657
188.409
180.19
206.305
224.766
221.57
195.663
185.845
187.988
191.314
195.12
196.01
212.466
197.217
198.8
194.645
196.463
190.067
180.776
203.394
226.646
211.245
175.956
196.068
207.342
218.749
208.544
225.135
203.885
211.126
194.813
226.735
199.138
212.413
207.626
211.511
202.412
205.234
221.919
194.142
200.715
197.87
214.332
197.923
194.581
194.065
197.088
193.875
185.764
188.816
223.785
201.117
217.959
204.334
206.663
201.48
192.576
210.329
224.939
199.613
210.279
212.471
214.97
194.748
213.079
211.875
212.702
208.826
197.206
193.865
205.643
194.678
206.767
222.058
190.335
217.328
204.32
202.62
202.001
203.557
205.426
231.474
196.019
219.756
216.307
208.547
202.894
194.923
216.548
222.472
221.09
221.215
213.537
193.146
191.896
216.557
194.517
207.28
205.884
208.558
205.084
218.396
192.545
212.907
216.019
210.657
215.144
197.59
210.723
224.56
188.02
223.528
214.509
221.772
177.016
216.679
203.125
218.601
201.317
224.51
205.48
222.561
178.186
215.398
199.857
188.916
207.462
194.818
211.809
195.939
190.466
216.216
202.576
196.925
192.912
203.751
213.473
189.263
199.381
204.592
211.473
187.622
204.743
196.207
219.535
186.826
202.705
214.368
193.474
196.582
234.651
222.8
210.989
203.853
189.62
221.795
216.655
227.838
191.398
208.78
186.848
190.096
223.088
200.221
197.261
211.273
207.205
215.798
225.863
210.921
219.473
218.349
202.52
198.043
208.784
202.494
221.51
190.099
189.563
223.344
198.706
202.581
210.604
232.919
187.32
209.936
209.828
200.414
208.461
242.651
221.835
209.264
196.496
199.944
220.247
197.352
203.612
199.61
182.735
199.379
208.772
233.074
180.008
209.467
236.058
213.823
185.641
216.817
212.942
226.079
202.571
206.822
219.886
220.336
197.416
203.408
196.958
225.196
200.784
214.381
210.542
204.487
227.972
198.982
197.367
208.206
193.353
207.414
195.625
202.313
197.005
195.253
214.161
187.373
208.7
177.453
213.441
205.996
196.377
234.705
208.395
212.243
203.926
209.926
207.161
205.593
192.567
228.01
202.192
217.285
192.345
204.344
211.386
202.992
212.425
207.02
214.571
211.515
218.649
193.578
198.207
195.162
215.486
212.625
205.427
217.349
202.176
208.692
206.249
211.577
218.328
219.137
221.106
214.364
210.39
199.444
184.596
212.4
212.474
206.07
216.654
191.436
210.001
225.801
198.676
212.619
199.13
211.819
207.236
203.644
198.016
210.385
188.61
196.682
189.9
226.425
189.755
194.266
198.213
209.692
204.932
217.659
219.582
210.103
228.362
223.583
192.78
202.924
210.044
211.471
220.75
208.878
209.902
187.021
215.858
209.703
206.839
183.147
229.875
214.788
191.058
189.065
214.993
207.435
199.923
190.971
209.163
215.096
204.411
210.231
218.889
210.718
210.614
212.767
216.653
196.206
203.539
209.381
205.607
189.252
225.957
211.039
221.603
202.67
199.222
203.179
200.69
205.61
207.9
191.259
230.24
218.097
194.348
191.214
213.957
208.524
190.323
204.38
190.589
200.207
208.666
218.053
186.399
203.262
204.149
222.049
180.441
196.297
216.729
200.978
208.329
210.267
223.536
201.054
219.03
207.15
194.275
221.184
204.761
210.401
199.75
229.106
189.67
188.435
220.509
210.757
190.491
214.087
205.529
216.257
206.516
194.614
218.513
213.138
207.139
211.071
206.436
210.524
208.84
183.347
206.854
201.717
210.771
197.991
209.768
206.894
196.601
206.237
204.496
200.529
203.882
197.91
165.178
197.849
228.799
226.277
199.904
212.378
215.472
226.086
212.645
190.371
197.641
214.305
204.266
201.213
215.034
210.096
189.299
212.688
194.224
237.18
193.168
211.436
209.788
202.147
224.777
186.768
218.619
203.475
212.622
216.685
187.253
217.535
217.371
211.574
206.414
202.363
198.745
195.107
203.6
204.624
185.976
204.597
232.963
199.313
198.6
213.818
218.128
200.158
189.869
177.779
200.0
190.068
203.505
210.728
204.04
187.954
198.252
192.379
206.122
209.553
218.024
203.423
191.09
204.44
203.709
203.3
205.487
203.855
215.035
212.123
216.526
206.329
210.565
209.483
225.381
225.691
208.741
229.856
202.284
206.207
168.502
196.376
195.286
196.889
194.093
191.763
211.228
207.623
243.741
201.175
229.263
216.234
206.452
187.165
209.115
220.374
202.164
199.37
202.839
226.674
180.95
200.909
197.084
210.498
203.463
209.434
202.429
199.195
195.098
192.456
180.317
224.424
199.667
205.956
191.176
195.776
201.123
193.829
208.662
213.386
198.44
194.55
212.493
215.425
213.765
202.424
188.367
183.771
194.389
231.11
190.8
195.638
191.393
222.432
207.821
204.796
171.61
193.804
212.374
207.039
217.951
219.266
213.125
210.992
202.47
181.613
216.063
200.662
212.497
211.798
227.931
208.416
202.154
217.953
199.333
204.941
220.026
207.581
212.629
188.78
213.733
233.963
183.982
204.403
217.981
205.535
217.535
206.842
205.924
208.888
201.075
219.286
215.645
204.644
212.765
189.158
204.239
187.959
186.766
189.914
204.352
214.866
194.295
232.501
207.214
206.96
216.414
181.774
211.59
179.508
199.841
209.023
192.732
197.011
197.047
233.899
214.674
199.615
200.545
204.929
199.615
208.166
219.311
210.716
209.722
235.139
234.966
207.599
227.749
230.274
186.551
213.935
214.121
215.181
188.406
195.702
218.805
214.626
191.942
220.376
214.869
237.878
200.614
225.401
190.72
214.292
193.556
210.078
220.902
223.147
209.685
203.313
221.556
208.748
208.417
191.947
193.306
210.54
214.374
191.186
213.351
200.135
210.56
215.089
213.174
198.093
209.154
202.468
203.777
205.804
215.733
208.17
183.56
202.861
202.215
216.006
218.776
197.543
197.882
219.102
208.692
222.632
191.069
203.115
199.334
201.155
183.994
217.06
211.822
210.402
219.806
199.141
210.254
195.991
191.931
200.685
195.849
221.718
219.981
223.847
192.726
228.195
231.295
209.852
222.919
209.138
223.238
208.865
204.254
217.89
201.774
190.24
188.077
210.252
211.226
180.622
196.948
210.541
204.451
192.041
214.389
231.13
188.695
205.515
209.678
200.462
211.872
203.471
219.852
194.616
211.83
223.935
212.485
213.214
241.714
189.76
185.313
171.868
207.996
216.13
207.478
199.647
201.861
200.469
194.489
215.982
199.743
213.974
208.044
206.37
190.393
201.439
195.24
222.224
211.081
213.114
206.244
217.702
189.818
211.155
194.647
198.715
216.299
216.242
199.657
213.575
227.027
207.742
207.977
218.189
205.177
197.106
214.707
201.84
198.132
196.017
212.51
212.762
206.598
203.688
209.952
206.853
200.008
213.563
193.931
199.588
195.433
214.903
188.075
223.142
207.881
204.726
205.456
190.054
216.695
193.565
202.756
199.278
205.546
202.863
196.785
203.114
213.671
211.001
209.905
230.689
208.368
189.186
207.943
201.538
199.405
185.608
187.817
210.419
190.429
221.91
213.99
195.159
199.147
195.392
197.035
211.876
207.391
195.475
212.339
193.534
217.72
192.214
206.906
209.307
215.528
203.538
209.274
198.002
192.484
222.611
228.778
209.373
218.102
213.976
194.066
196.528
194.499
182.123
210.86
229.592
206.869
186.938
212.165
212.444
211.494
206.484
201.18
197.459
211.42
214.283
206.11
209.318
221.83
190.151
197.072
210.159
204.479
171.674
207.087
210.781
191.862
205.704
208.94
213.659
208.589
207.044
218.642
210.781
218.386
196.824
208.296
202.171
204.701
205.287
224.082
192.171
199.683
222.398
217.411
203.726
197.679
211.858
222.809
205.278
202.109
214.488
231.286
201.292
196.866
218.609
197.333
215.714
208.225
198.129
225.683
214.946
217.605
206.443
205.304
187.339
202.548
198.462
181.527
198.774
190.115
205.754
238.763
210.543
229.456
223.897
204.889
218.271
201.231
189.274
205.395
183.981
203.186
230.832
212.909
199.403
190.189
224.336
178.937
215.835
190.592
217.571
208.622
197.283
229.175
186.055
214.675
200.194
204.724
188.342
189.619
196.319
201.326
192.141
194.895
215.448
224.006
206.029
210.37
211.774
184.367
221.584
214.154
197.77
205.568
213.723
209.837
212.695
207.304
199.291
209.144
219.502
211.093
208.214
202.906
209.864
204.343
229.257
202.268
205.479
207.017
233.639
234.132
201.039
203.947
237.709
211.936
218.602
196.157
191.937
204.519
210.156
204.178
212.403
195.66
192.088
190.014
201.385
185.466
210.84
189.551
231.347
216.063
234.934
210.373
209.179
203.488
213.287
212.298
229.897
204.082
200.662
213.25
223.526
205.134
209.294
189.07
189.29
201.815
203.202
194.686
208.407
183.918
211.992
205.415
215.589
202.724
208.709
197.587
221.812
200.14
192.228
192.252
189.509
193.54
205.799
206.681
206.789
196.264
221.81
194.928
219.216
172.812
209.092
199.314
232.971
224.602
214.501
226.329
217.357
217.042
213.044
216.557
186.124
216.319
201.826
214.637
195.028
208.991
208.864
205.251
194.679
196.333
212.215
211.144
220.059
213.096
208.399
208.082
196.019
213.693
214.95
207.668
219.543
225.843
194.318
233.126
199.634
214.445
205.901
214.324
191.973
214.382
226.577
209.311
220.318
187.325
187.82
194.022
190.33
209.013
209.119
205.573
218.856
183.983
208.417
209.932
211.47
198.392
183.173
211.113
185.901
207.859
216.71
224.551
201.694
209.682
209.316
210.92
215.275
209.437
199.886
206.902
208.718
218.628
226.22
206.037
214.114
194.454
201.174
219.656
199.351
223.973
186.49
224.937
208.849
200.081
219.775
216.545
204.149
210.864
215.981
196.968
188.693
222.493
212.889
210.927
208.383
198.613
213.521
218.378
211.389
195.573
199.89
199.121
201.41
205.765
195.395
202.991
195.985
199.057
223.73
222.244
197.962
197.171
197.308
219.569
213.331
207.302
205.851
209.506
190.421
211.722
221.279
216.218
202.719
196.003
181.848
194.455
213.783
215.645
206.228
214.337
212.675
205.705
222.827
212.878
225.59
199.156
234.433
216.846
198.643
222.607
179.853
226.348
210.288
216.207
211.306
188.325
212.99
194.944
220.293
198.76
219.587
211.273
208.866
219.988
218.664
192.814
190.617
204.39
219.096
219.239
202.055
201.773
198.883
212.12
191.716
195.429
202.669
216.807
199.215
219.167
193.153
192.446
195.488
203.678
208.986
211.205
200.568
210.048
196.338
212.103
197.244
215.732
213.225
228.795
210.065
216.315
182.265
183.507
213.893
210.367
202.546
220.149
199.362
202.768
221.374
221.534
200.541
205.82
206.074
216.413
226.89
212.153
203.345
225.217
182.762
193.925
196.1
190.292
187.298
197.318
200.442
218.41
192.515
208.171
192.281
218.349
191.696
202.006
221.888
213.557
196.665
211.265
190.404
201.713
206.424
204.045
217.356
188.89
192.028
206.485
191.951
228.971
202.601
215.01
193.538
213.563
197.247
208.836
210.788
209.955
218.748
203.495
221.027
219.993
197.766
206.741
207.918
201.541
216.706
229.03
210.881
211.76
212.209
215.103
209.592
204.323
236.048
205.221
226.48
180.988
214.665
199.433
193.74
190.48
201.773
214.136
199.509
187.422
213.353
209.794
169.78
189.865
199.671
174.714
209.037
217.63
210.632
211.121
219.54
207.219
205.014
196.994
219.194
200.147
245.539
215.08
212.134
210.893
195.262
196.703
194.761
218.84
205.71
209.119
220.006
208.517
194.477
181.451
215.797
199.353
225.15
199.922
213.088
201.698
203.011
203.623
199.884
219.629
195.956
213.127
199.056
215.185
197.317
245.916
203.779
228.184
201.534
219.138
178.789
204.957
209.596
205.051
188.108
223.103
200.045
197.206
200.393
221.049
231.289
203.86
185.395
194.541
202.632
207.097
197.382
221.688
204.171
197.38
209.804
204.303
191.593
208.915
199.439
197.098
245.347
201.281
209.021
202.283
199.559
205.508
189.424
203.351
196.135
198.824
205.741
216.842
197.358
203.601
203.553
193.961
222.461
203.522
180.534
219.15
190.496
193.967
216.876
212.481
193.134
188.718
208.439
205.532
207.983
208.639
200.41
215.62
211.617
207.68
183.254
212.758
194.586
194.398
207.699
205.165
201.477
213.386
196.335
220.926
194.819
214.837
219.546
208.043
213.362
200.147
201.711
204.517
208.6
206.888
200.329
208.854
206.842
203.926
208.84
205.009
183.909
197.376
214.276
190.915
224.324
205.485
205.437
202.183
219.689
231.267
203.436
207.226
194.433
216.652
188.994
207.069
219.885
189.574
193.741
226.588
217.17
231.968
198.605
202.164
199.536
201.645
222.575
205.291
197.123
205.919
218.918
205.272
212.421
223.159
195.005
210.725
220.947
207.955
206.895
201.829
199.345
216.658
203.801
216.611
219.424
209.955
205.943
201.09
201.571
206.01
225.42
195.952
207.408
216.492
192.458
198.283
203.875
215.881
208.951
212.19
214.594
214.366
219.647
217.729
202.834
221.32
192.754
204.837
225.168
205.825
205.928
224.377
181.914
210.582
199.992
215.04
198.72
201.488
190.778
224.585
204.911
206.046
211.951
203.732
204.886
183.504
212.701
209.471
216.387
211.296
186.154
203.736
197.226
216.973
206.607
209.292
201.064
222.191
195.902
194.903
194.019
200.542
208.202
203.435
209.185
201.866
210.419
197.019
208.863
196.034
193.247
202.995
220.748
209.206
203.37
206.252
202.843
222.314
210.949
195.507
198.558
182.569
203.097
218.285
203.986
214.674
201.196
187.356
214.81
196.522
215.527
212.326
216.047
208.166
195.215
196.521
207.945
218.711
219.195
209.545
207.251
192.322
188.748
217.259
210.277
186.916
200.635
202.323
197.275
200.875
189.69
197.178
196.22
224.462
203.412
230.8
200.536
207.095
223.79
213.131
220.42
195.597
214.367
207.954
212.484
218.534
176.644
219.04
200.386
205.203
204.553
193.492
231.347
203.01
204.29
208.38
211.133
219.347
215.255
198.057
217.198
224.742
201.287
191.667
206.723
208.349
178.222
206.245
218.834
214.508
209.889
213.958
236.866
195.195
192.968
212.163
192.467
218.985
202.85
217.586
189.295
209.182
199.492
200.844
188.727
198.991
220.79
206.607
199.519
201.525
193.007
194.73
212.192
194.437
214.239
218.76
209.956
196.531
181.539
174.812
217.338
191.346
229.598
220.491
218.84
210.557
222.434
199.512
214.58
204.758
213.637
206.182
189.205
191.892
215.032
201.107
205.109
204.073
208.203
198.137
208.975
201.789
208.15
209.278
198.178
229.826
213.755
219.424
198.489
215.248
207.218
209.567
216.733
211.337
205.281
205.754
200.325
210.531
204.348
203.313
234.367
206.723
207.33
203.85
201.178
217.2
199.02
200.182
204.753
229.593
218.482
186.802
219.79
188.959
221.886
212.036
190.747
227.377
222.053
198.721
198.733
195.427
206.808
215.788
195.192
188.541
213.686
216.474
216.047
180.22
202.356
220.087
201.966
201.658
204.524
201.805
213.5
194.626
191.866
202.13
198.334
195.058
206.56
204.819
199.823
210.544
216.607
210.405
213.865
209.588
210.633
209.508
211.715
206.319
214.247
220.296
213.096
212.907
210.79
187.081
202.684
227.66
206.85
202.923
198.909
220.55
203.04
214.073
214.225
198.777
212.014
205.577
196.138
221.395
215.438
198.144
182.773
198.815
217.467
213.056
204.113
203.081
200.504
204.272
213.744
211.039
226.332
201.785
209.913
206.47
222.188
204.405
193.675
218.796
196.945
219.342
198.423
194.709
220.915
198.998
216.018
204.931
184.539
218.821
230.016
194.13
225.272
203.771
206.794
227.506
206.6
199.759
208.804
205.088
209.266
201.082
212.315
214.0
180.718
194.106
191.913
221.467
207.045
208.98
216.984
194.831
226.783
201.661
198.902
198.074
214.15
203.419
170.941
204.319
213.682
200.959
220.379
237.88
197.548
213.775
210.481
204.643
208.765
197.896
199.463
222.429
205.077
218.786
206.942
179.852
212.109
220.081
214.359
195.554
193.531
199.543
211.887
213.07
211.123
196.768
206.122
208.992
204.78
222.881
200.749
227.557
212.715
207.643
208.84
222.229
208.785
193.398
199.122
201.088
232.928
193.111
203.787
200.989
223.541
196.988
214.877
212.917
205.112
213.128
186.176
207.258
181.689
216.12
215.825
186.352
205.29
193.903
202.749
201.054
230.762
217.429
188.409
221.365
223.549
203.072
225.376
210.567
210.82
195.376
215.735
218.656
187.295
205.436
224.35
212.256
190.587
192.607
193.457
209.324
220.614
204.705
227.473
207.715
176.572
188.421
182.752
223.343
179.138
228.007
218.113
172.251
193.487
201.296
196.452
211.952
216.978
190.946
195.496
192.096
223.611
201.406
207.714
202.827
201.028
202.825
202.151
223.977
191.101
224.941
209.523
215.582
206.655
209.895
205.267
211.154
198.792
189.342
206.441
226.859
199.97
226.358
231.504
192.42
204.608
197.168
184.452
200.84
205.295
198.863
204.048
207.589
214.202
210.813
212.785
193.522
205.088
203.169
216.51
206.99
197.121
219.206
217.751
191.617
216.465
212.029
194.468
220.972
215.965
197.207
214.989
212.387
201.73
229.072
209.12
204.174
230.452
201.017
173.939
219.52
183.375
210.041
201.62
186.839
210.935
202.213
215.459
176.905
182.881
192.062
230.879
213.163
215.548
202.546
216.276
204.683
208.93
201.748
201.008
212.429
205.259
221.875
199.18
196.699
212.801
214.114
223.116
213.035
216.98
181.456
188.061
191.472
173.043
204.095
217.835
201.739
210.836
217.294
213.551
181.332
202.364
196.772
187.3
201.156
222.142
206.029
208.566
206.272
212.413
229.182
217.716
211.884
214.537
222.367
208.454
212.684
215.164
205.928
175.1
205.153
218.761
194.637
192.919
201.902
214.293
212.768
193.558
189.337
203.42
207.21
209.042
218.509
210.82
212.588
199.278
200.905
211.102
211.539
236.205
224.997
217.605
192.118
213.373
191.968
192.445
211.074
211.098
192.629
197.236
188.379
191.861
182.893
212.244
199.996
221.521
197.455
227.172
210.317
221.263
207.809
205.695
209.854
215.359
196.855
227.553
207.058
213.833
209.26
198.236
204.821
204.804
202.323
217.495
202.745
207.303
186.794
205.784
205.695
210.095
221.677
190.084
195.236
183.735
209.408
228.004
203.57
212.14
220.429
191.708
194.175
219.464
218.283
199.09
205.853
203.329
227.519
215.086
179.772
207.788
200.64
199.7
218.39
215.549
200.378
195.51
191.931
204.635
225.875
217.579
200.732
232.431
202.16
203.355
208.332
192.393
224.322
193.096
200.349
218.576
213.717
249.011
194.959
205.697
203.743
199.055
195.921
218.971
202.246
192.807
199.835
215.601
204.355
194.141
190.591
210.186
203.547
206.851
199.107
201.128
208.92
186.095
213.523
212.848
200.972
200.252
204.856
196.106
211.379
212.869
205.678
204.151
214.184
202.054
224.003
226.047
209.63
216.857
217.101
193.296
191.479
193.855
202.632
211.983
211.657
206.418
197.933
215.722
181.743
210.293
207.65
215.768
211.211
199.964
206.121
221.582
227.238
204.918
191.678
213.235
195.724
207.448
201.4
212.56
203.663
200.794
209.487
182.361
201.174
202.369
193.652
216.626
195.831
194.223
198.375
226.336
181.298
212.343
212.321
207.777
198.552
209.449
198.966
217.386
201.361
213.131
214.121
193.545
218.816
200.917
185.022
229.738
212.981
223.754
201.771
207.99
202.635
204.184
203.443
218.101
205.302
205.858
208.386
210.483
211.736
216.381
213.449
203.955
202.155
196.671
199.709
182.617
202.073
205.134
200.92
224.884
224.032
196.333
188.226
217.72
196.581
218.307
190.187
188.833
182.46
203.624
200.721
213.363
193.439
226.54
211.205
206.608
228.76
199.005
216.428
224.88
205.887
208.721
221.329
209.192
221.534
221.582
207.021
206.721
220.933
200.253
186.026
192.994
199.822
197.609
216.355
208.366
191.695
196.555
226.209
202.77
189.389
192.671
210.944
204.542
214.97
198.372
213.572
199.779
189.197
201.811
203.477
174.587
204.46
214.924
189.638
223.302
211.461
201.747
205.817
202.704
190.866
209.352
211.594
209.02
204.969
206.235
198.489
208.109
203.991
206.172
203.987
211.126
217.657
199.694
202.915
215.664
206.062
197.738
217.156
210.289
212.997
203.817
204.371
198.754
191.009
230.918
207.007
219.382
203.097
207.856
196.053
228.786
208.207
211.811
232.75
205.017
205.112
196.832
216.175
194.35
208.194
219.102
225.963
209.885
227.205
209.63
220.91
186.813
198.943
203.787
199.191
199.506
216.407
216.8
211.552
190.618
206.997
211.181
218.498
200.515
203.891
198.624
217.035
215.061
195.834
204.766
206.152
211.528
200.713
190.204
209.598
210.797
207.423
183.818
238.324
215.029
225.105
200.207
215.191
194.737
197.17
216.351
217.933
212.463
196.165
202.93
214.328
214.438
198.803
204.596
194.359
213.294
206.434
230.049
215.03
175.423
206.66
191.105
220.248
215.655
230.972
195.054
220.861
200.207
206.782
199.09
220.003
202.07
199.96
203.641
210.196
205.166
207.851
234.192
211.074
205.121
201.593
214.154
202.376
200.447
202.198
216.229
201.128
213.829
236.474
206.579
204.284
218.19
212.155
207.906
197.227
206.498
215.444
204.341
210.803
204.052
210.792
198.092
206.949
227.556
203.763
211.11
198.743
208.092
209.343
215.005
235.315
205.752
208.808
232.91
213.88
185.634
208.221
231.229
202.881
209.985
187.889
195.208
223.623
199.501
190.873
200.981
209.804
235.582
221.391
214.257
216.845
220.842
214.231
206.594
217.674
227.329
215.116
199.963
200.669
190.975
192.289
199.351
200.983
219.263
206.477
213.043
199.761
214.886
190.737
202.377
205.485
216.777
216.076
207.789
203.729
207.865
225.325
210.841
205.52
196.896
185.7
201.615
204.361
223.218
200.527
217.523
203.73
196.712
213.953
207.959
217.902
217.357
222.095
224.169
200.051
213.101
226.561
211.524
207.519
215.466
208.427
205.33
234.485
198.856
208.465
204.963
177.392
199.937
224.554
229.855
242.359
217.59
220.518
206.693
175.218
200.636
212.147
199.345
207.54
220.414
206.084
229.968
209.489
209.586
224.198
200.676
201.145
196.538
204.08
195.104
197.49
206.098
217.089
203.056
212.124
200.25
175.286
190.471
205.45
211.305
196.998
233.957
207.695
216.633
199.807
204.446
193.485
172.072
218.777
216.664
224.075
193.222
201.992
200.661
212.542
208.741
201.624
200.638
211.222
213.141
195.905
223.746
209.991
208.038
191.681
194.572
207.705
191.594
223.289
203.069
212.014
201.82
207.266
211.932
219.944
215.533
200.072
217.131
191.835
212.899
218.098
204.8
203.077
198.292
210.392
199.953
194.671
224.175
192.348
215.307
192.558
210.473
215.531
199.734
203.285
184.633
212.509
198.816
183.017
215.469
212.264
221.967
185.241
201.786
186.362
215.142
213.162
207.561
198.557
202.654
211.797
199.026
219.557
202.234
189.65
202.397
194.031
221.761
212.977
213.242
222.935
202.335
178.342
212.638
194.246
201.768
198.642
199.381
221.097
196.505
234.763
205.277
213.866
208.977
209.029
198.334
196.412
215.86
206.344
197.819
220.647
200.127
181.211
208.483
193.083
213.03
222.261
201.307
209.489
207.714
194.103
196.035
205.139
207.336
219.027
207.061
223.359
228.37
212.991
211.226
203.238
205.812
207.108
211.733
198.169
221.817
210.046
201.54
194.594
214.139
203.38
217.732
199.791
207.925
183.019
211.262
199.083
220.615
180.254
218.639
214.469
194.546
187.741
191.093
208.291
216.228
208.079
218.702
216.229
209.143
193.209
222.572
226.471
189.994
196.127
228.135
201.002
202.142
217.373
202.053
198.091
211.695
212.21
187.191
195.997
187.537
204.43
212.954
206.646
184.784
207.992
211.451
196.889
205.107
213.268
206.323
197.6
204.87
191.36
220.431
199.558
233.731
224.528
202.271
200.773
225.172
210.099
199.489
206.913
179.474
202.731
209.248
201.164
206.162
212.926
203.775
225.411
192.926
217.684
205.215
204.137
210.047
208.296
211.466
219.548
212.185
213.107
213.317
190.487
210.557
212.603
199.541
223.059
215.302
195.8
209.23
216.048
199.667
233.169
201.39
211.017
214.708
200.364
214.099
192.596
211.035
208.576
231.798
213.986
219.6
219.347
202.467
204.547
177.248
193.956
206.082
210.124
203.057
198.307
203.219
190.453
211.59
202.661
192.302
199.76
204.966
238.941
194.935
184.762
224.59
213.243
188.193
198.068
206.967
203.0
228.738
205.624
204.434
208.06
201.245
215.801
204.919
198.262
190.355
228.841
200.248
209.65
211.303
214.999
208.408
202.135
193.201
228.177
214.505
200.435
198.991
205.711
204.354
208.404
200.223
206.29
183.387
206.373
211.403
219.331
191.954
203.768
213.222
212.556
204.46
219.858
185.252
202.31
206.703
201.978
203.037
191.722
199.265
211.582
225.796
204.01
211.664
213.044
212.653
219.166
200.684
201.756
215.863
217.338
200.336
202.662
190.607
219.242
198.987
220.256
190.88
213.971
209.378
199.657
203.343
197.971
217.984
212.728
195.746
187.25
205.626
201.393
235.776
189.354
183.472
187.284
199.739
201.4
218.597
230.123
210.695
208.866
200.09
186.485
202.684
194.882
186.549
193.808
200.447
213.612
217.494
221.281
196.716
219.331
209.916
191.928
196.809
202.022
199.757
206.573
215.087
213.182
197.292
197.869
190.857
202.863
202.085
200.822
205.891
198.552
221.582
218.519
213.689
218.713
223.424
221.796
220.411
201.739
220.033
204.323
195.97
202.926
200.722
213.982
201.591
226.909
205.009
223.005
186.074
223.088
189.728
191.209
222.022
201.075
204.992
217.394
187.148
200.696
185.422
201.286
211.362
188.162
186.832
201.052
209.772
209.071
194.409
193.486
193.153
218.407
203.482
200.147
206.497
198.562
214.758
183.482
197.02
209.341
220.419
211.575
206.18
188.69
213.436
217.295
211.412
215.44
209.679
218.211
202.118
200.028
199.485
203.199
215.304
216.118
218.297
197.581
219.102
207.024
206.16
196.992
222.364
186.987
214.346
202.118
202.33
217.624
198.069
201.25
209.625
223.155
211.419
212.675
204.218
205.563
209.681
203.582
210.487
214.326
199.439
196.017
221.661
235.669
207.827
202.653
179.663
210.652
207.562
214.132
210.961
209.59
202.811
191.659
191.659
218.54
221.363
201.347
190.894
197.771
217.822
217.908
206.212
222.074
214.26
203.766
202.429
219.894
211.134
217.348
184.252
234.248
184.78
212.489
217.262
228.079
194.686
205.045
211.311
200.749
210.485
217.825
232.553
194.046
209.239
212.79
204.473
213.243
201.116
190.246
199.116
228.548
233.85
209.16
203.712
231.59
175.956
223.529
195.626
204.59
205.552
204.033
196.369
215.874
199.765
201.437
203.909
190.159
194.025
218.188
207.514
214.06
183.084
184.003
193.075
208.65
190.551
209.645
198.493
240.505
223.782
208.44
197.94
206.157
207.34
212.904
212.442
210.31
217.207
193.156
219.394
203.521
223.321
214.31
204.784
205.519
198.788
235.82
206.077
181.461
209.39
204.006
206.661
209.212
204.68
214.653
196.833
187.885
199.95
212.427
203.323
209.774
214.102
184.285
230.658
216.181
212.487
200.714
197.611
205.511
185.239
214.72
220.625
203.266
223.802
218.35
195.361
194.666
209.49
205.131
221.495
211.058
214.31
221.555
207.811
219.105
216.319
198.999
220.107
212.135
209.087
192.688
188.764
206.201
211.165
209.877
199.83
198.667
197.491
205.688
212.132
224.148
193.115
193.484
222.126
204.383
207.054
221.262
223.251
213.158
201.791
191.562
204.448
197.986
219.203
209.625
208.079
178.47
209.323
215.211
204.578
185.158
198.134
219.704
221.067
210.454
222.531
209.012
203.928
210.085
204.176
212.988
245.04
206.095
201.965
198.149
228.615
193.997
201.176
185.127
189.931
215.991
200.119
199.425
194.731
211.816
210.619
191.122
215.811
223.534
203.802
221.542
207.884
194.911
200.712
209.207
180.691
227.565
208.267
205.129
199.424
198.818
182.119
190.195
214.273
219.428
198.462
188.357
208.972
199.238
197.791
212.844
220.21
222.486
199.534
207.569
198.863
206.636
206.16
188.713
191.379
204.279
205.949
194.198
203.968
207.801
206.967
203.461
204.003
214.387
219.757
217.839
201.973
203.489
199.159
206.065
203.517
206.432
215.804
217.574
211.256
197.024
216.412
211.209
197.162
194.967
207.317
205.232
207.222
187.036
193.05
213.465
215.729
210.824
211.362
192.872
212.47
200.183
198.181
197.137
191.961
205.262
208.248
222.453
200.525
202.42
198.823
201.415
212.609
225.908
188.506
208.375
230.85
221.429
208.777
198.237
213.996
217.732
196.422
221.25
224.699
222.17
201.77
194.096
203.175
212.383
190.256
207.941
210.684
192.339
197.794
212.583
197.133
185.713
194.279
227.949
211.968
209.431
207.482
198.569
182.725
201.645
187.577
214.864
194.763
214.83
208.397
213.778
191.59
200.888
197.53
191.191
207.946
225.901
211.048
206.882
189.137
203.379
181.221
209.746
202.587
224.239
192.776
220.734
210.552
212.248
208.716
206.288
207.133
203.151
221.815
183.811
186.701
199.908
216.111
204.384
216.615
193.188
189.451
206.976
213.361
203.005
199.471
223.7
205.172
217.08
197.349
215.668
232.489
192.98
208.705
198.544
214.668
210.481
232.347
190.768
197.643
209.711
192.477
196.1
201.314
209.919
195.185
192.438
223.574
207.078
195.63
188.666
178.657
199.346
214.811
213.703
213.876
217.966
209.3
214.86
178.481
206.671
212.807
226.659
201.804
208.43
221.22
202.203
201.774
205.191
208.002
211.758
213.809
209.018
219.176
202.771
220.455
212.851
217.941
218.503
200.103
199.901
218.19
203.8
204.697
219.086
209.225
185.065
197.53
207.758
202.739
203.568
203.655
215.418
183.788
201.29
198.123
210.707
214.352
213.819
203.265
218.276
199.484
203.7
212.429
214.371
198.32
197.107
208.338
209.563
211.101
188.572
221.485
198.79
197.341
199.917
209.269
190.144
198.751
200.423
189.206
206.604
206.533
207.125
236.868
193.029
199.967
188.745
182.17
192.618
208.721
180.16
221.261
219.883
225.594
204.184
188.84
208.514
202.276
228.229
221.679
200.984
204.115
218.309
175.366
205.566
217.265
209.918
217.927
206.21
220.336
196.096
206.625
220.994
198.173
224.131
215.318
194.548
217.711
196.979
215.734
193.145
205.859
221.648
224.986
203.048
196.919
181.256
202.972
199.048
195.717
182.652
193.618
205.865
189.829
215.177
208.881
202.018
215.67
205.779
184.82
229.367
229.201
216.262
197.886
200.789
182.023
220.202
196.266
223.753
193.168
234.304
217.012
206.22
197.079
220.856
227.598
226.149
191.444
214.895
201.03
212.579
172.419
198.087
212.957
204.403
207.416
202.052
198.847
217.66
207.962
207.612
174.632
216.86
207.022
203.69
193.498
202.71
209.408
224.506
209.472
193.55
206.661
203.291
212.914
201.257
214.842
202.916
216.207
210.785
208.978
246.384
216.723
211.746
194.935
209.414
222.662
210.367
198.944
209.436
202.67
220.446
196.904
211.994
204.497
212.387
215.675
209.736
209.509
178.69
199.101
179.05
196.928
207.575
210.595
212.725
227.09
193.867
214.076
201.02
231.722
209.846
211.827
236.86
233.326
205.299
205.495
210.121
185.725
223.375
220.775
199.25
201.959
197.285
188.136
208.598
199.314
199.307
204.835
212.441
210.928
215.188
204.444
210.934
215.558
208.478
196.498
202.635
219.818
221.688
206.474
198.942
200.894
212.83
207.456
203.36
180.263
218.987
199.289
205.094
220.19
231.941
190.299
208.472
216.347
207.721
225.349
215.658
212.898
221.372
218.412
202.75
195.221
214.734
224.345
211.496
215.058
202.673
196.582
214.071
210.505
202.7
218.234
213.573
205.498
195.401
199.512
187.12
205.21
210.639
211.867
174.334
207.798
201.244
180.86
213.155
221.235
186.853
200.786
219.182
203.586
204.321
212.122
215.202
192.19
217.296
196.245
203.265
211.538
189.844
200.826
215.613
216.57
218.568
216.117
229.107
216.543
197.879
190.325
194.026
187.829
187.935
198.997
193.354
201.997
191.153
203.118
215.481
187.287
212.407
198.998
219.868
201.741
210.02
196.471
192.017
190.712
190.3
204.148
217.082
234.956
191.706
223.3
181.628
214.458
204.296
192.045
213.264
186.859
216.715
212.93
179.656
175.586
206.374
207.206
217.183
207.167
215.018
184.327
208.104
199.204
223.542
201.993
201.628
200.704
213.349
209.268
205.825
214.883
204.744
206.919
222.238
205.373
192.517
228.097
198.396
201.94
199.621
201.663
210.52
176.476
201.416
202.161
205.535
204.218
229.228
195.471
212.58
198.927
196.835
221.349
193.524
207.461
202.624
216.473
192.927
216.492
219.588
202.227
199.103
213.657
215.29
202.313
206.86
206.139
233.581
197.87
209.789
193.265
211.148
195.757
200.966
209.949
200.89
214.837
219.932
217.423
204.472
194.242
211.025
217.629
217.625
250.433
199.824
200.296
218.845
203.772
213.504
225.555
216.737
226.276
194.471
230.543
214.905
196.935
207.095
223.155
195.661
214.592
193.516
218.056
204.053
218.767
209.002
202.449
196.182
219.475
196.202
200.964
202.8
219.168
209.062
210.885
211.21
199.865
208.994
221.17
199.796
197.378
190.456
227.096
200.379
205.723
197.061
211.865
189.331
214.251
212.373
191.629
249.998
196.331
208.629
198.318
199.73
208.07
222.117
217.333
190.887
221.646
188.126
205.359
199.791
200.744
182.52
207.28
207.765
205.85
190.833
200.506
201.883
220.773
195.046
209.679
207.4
215.4
204.223
212.449
211.444
193.939
195.72
210.143
218.078
208.395
206.456
230.547
206.419
188.146
206.085
180.093
203.026
188.32
213.643
192.018
202.577
234.427
215.919
211.415
205.525
209.437
203.439
206.6
209.979
207.533
192.774
220.465
217.929
180.362
194.317
195.211
215.387
217.703
206.358
193.054
202.341
202.395
200.466
202.821
181.704
189.369
206.219
193.41
213.672
220.358
198.274
195.922
213.928
204.232
210.944
183.431
223.197
199.856
189.804
206.326
190.521
186.973
207.666
204.596
205.993
206.26
213.602
198.254
207.445
220.861
228.902
210.959
223.681
186.054
208.203
210.882
187.27
208.712
216.598
215.828
203.323
206.767
197.075
193.275
197.244
196.79
207.544
215.354
216.663
231.381
196.392
180.475
209.869
205.667
203.575
198.242
195.532
203.674
208.407
187.865
220.777
223.992
202.071
196.772
198.475
201.077
194.1
203.555
232.838
222.474
221.352
208.884
192.806
185.75
225.808
221.473
196.54
197.309
212.825
191.242
211.405
201.778
200.284
191.005
227.2
190.647
190.123
232.366
218.295
189.441
185.54
212.283
208.395
216.453
213.632
199.175
207.362
202.314
210.243
225.826
209.499
218.795
211.215
203.338
214.445
203.56
210.598
201.136
203.943
205.134
205.559
216.398
198.475
194.101
221.335
195.773
204.792
193.054
215.376
188.148
225.166
200.113
219.361
204.686
206.617
175.638
207.244
188.388
233.935
219.757
225.472
200.358
208.915
201.32
213.518
209.134
231.784
182.945
199.026
207.385
197.6
198.929
217.183
219.275
193.599
193.508
207.748
195.799
228.013
193.311
231.166
207.361
199.034
196.429
225.99
193.587
239.764
216.484
229.323
201.403
207.871
198.329
205.303
184.006
205.423
227.636
189.201
199.023
199.856
192.961
229.649
218.121
227.803
194.903
208.545
198.434
219.895
205.375
203.141
222.621
199.207
209.248
205.648
192.047
234.014
198.947
199.013
208.056
220.234
199.661
198.641
202.725
207.851
228.107
209.738
219.374
228.638
190.712
211.597
186.688
226.943
216.561
217.669
227.203
218.58
207.176
216.771
194.752
195.814
191.264
218.292
226.173
207.178
178.822
197.316
191.427
186.992
200.491
211.078
225.531
212.577
202.833
191.53
219.32
208.357
217.59
197.066
228.735
205.737
196.174
216.076
222.662
229.748
207.111
214.229
207.111
231.299
213.725
202.174
211.311
208.509
189.415
205.489
194.648
186.469
194.848
205.533
214.776
211.933
198.896
198.868
200.692
204.848
215.58
205.242
216.04
200.648
192.654
205.091
207.034
218.802
215.108
197.065
191.572
210.251
208.724
208.968
207.36
186.465
203.269
184.192
201.813
186.218
190.829
204.181
209.606
210.741
213.403
221.898
213.963
227.588
202.114
213.131
200.305
192.982
210.585
201.899
216.494
215.899
206.93
205.761
209.043
220.04
206.503
212.759
203.992
225.101
176.574
186.47
192.531
205.032
211.876
224.51
192.709
181.655
189.913
200.322
227.469
224.35
208.192
212.306
207.594
200.275
234.13
225.152
202.706
207.305
203.511
196.56
194.104
199.08
217.662
241.843
207.845
203.702
203.731
231.49
203.309
230.905
226.522
186.716
201.815
206.522
212.107
208.308
219.779
201.232
197.675
196.535
203.119
220.555
197.344
188.171
227.536
212.184
215.346
214.063
206.354
210.094
209.753
226.011
212.136
196.397
209.913
211.028
207.089
187.873
214.739
230.053
216.029
218.332
219.701
208.916
193.782
198.199
206.565
217.355
209.871
204.495
188.859
214.987
201.441
227.328
212.87
206.263
210.198
205.573
200.846
208.797
220.731
190.481
195.479
206.129
210.633
192.377
212.429
197.784
214.361
199.218
208.255
221.203
200.798
214.135
229.969
214.831
219.281
212.499
200.115
200.203
199.283
201.521
213.728
216.469
194.877
213.851
210.247
228.832
207.521
200.075
212.193
203.849
216.02
204.029
209.053
198.495
190.818
184.999
205.766
210.916
198.078
205.439
217.002
214.893
203.474
178.833
201.022
207.167
223.779
205.288
210.459
192.402
224.303
196.419
200.518
206.51
242.537
230.256
214.305
199.354
193.3
219.301
208.519
211.016
197.751
220.721
193.503
187.299
190.623
215.392
188.158
190.867
227.448
194.572
175.738
203.515
189.634
225.736
218.446
214.851
196.566
226.132
204.184
205.245
211.88
226.965
184.224
208.247
205.984
195.246
209.353
218.664
182.387
211.534
206.386
225.92
206.406
206.853
213.312
202.792
196.326
198.759
200.343
207.179
213.622
215.772
214.879
185.497
196.363
184.893
218.468
212.112
212.847
217.93
196.693
192.06
220.32
209.051
210.249
201.797
195.995
182.792
225.163
225.431
198.726
225.738
240.525
191.872
201.814
213.484
221.239
207.375
202.153
226.636
198.413
224.749
221.99
190.92
222.543
207.167
227.768
198.249
206.917
212.898
193.777
199.091
211.372
194.945
226.447
202.871
195.153
201.745
210.61
190.373
210.604
207.649
205.547
232.555
203.619
208.735
195.653
219.869
219.267
193.362
194.389
201.047
214.613
205.236
207.71
199.693
205.545
220.253
188.552
199.118
220.646
206.298
214.162
202.376
195.055
220.801
196.699
194.378
173.715
212.078
200.523
202.415
197.009
194.437
207.944
214.208
190.943
186.662
220.619
198.077
200.146
214.189
223.639
222.76
193.519
201.126
198.647
217.891
188.829
211.076
208.802
201.198
191.653
226.948
195.938
190.159
201.154
194.839
210.214
207.572
195.172
215.431
222.196
226.887
193.208
188.72
223.12
203.409
235.246
198.467
203.51
196.086
200.254
192.896
214.432
227.285
213.216
209.41
180.888
208.583
230.606
235.603
215.917
201.552
206.953
196.556
220.307
198.905
198.617
219.6
201.86
187.445
222.173
215.642
188.706
173.07
202.85
196.52
202.165
207.766
211.831
192.773
212.861
209.842
194.53
204.937
206.437
198.358
196.157
199.399
213.655
197.674
191.859
179.899
224.286
191.588
213.059
204.419
187.29
227.336
195.175
193.264
214.942
209.64
205.085
246.05
192.698
198.606
191.232
221.413
199.739
216.89
186.846
217.085
201.488
196.984
222.018
205.964
206.063
199.914
192.467
204.993
206.833
221.393
214.725
195.642
215.557
206.504
216.674
210.374
208.285
205.495
208.928
212.297
217.837
215.811
196.332
197.541
202.599
209.87
227.215
197.006
182.322
226.44
208.005
202.378
176.525
205.49
197.161
220.602
213.306
219.892
183.861
195.75
226.274
219.709
211.199
205.952
189.031
201.764
196.175
223.355
208.731
212.982
206.245
227.204
217.048
210.042
199.379
204.876
224.801
209.579
208.763
205.499
168.622
210.527
199.461
200.476
210.715
190.739
226.975
212.979
214.32
200.22
214.541
201.953
206.243
205.093
223.424
209.189
215.508
185.676
229.042
235.218
198.027
197.853
215.358
193.359
188.844
199.202
190.688
204.852
205.37
212.812
232.48
211.153
199.409
218.09
195.158
197.628
209.103
206.716
189.836
204.05
190.75
191.076
202.397
212.627
205.097
223.139
196.928
184.238
206.783
205.168
201.017
207.861
215.595
214.032
205.364
211.176
209.434
198.345
197.624
214.161
205.505
216.461
196.86
211.808
206.598
205.051
182.289
186.764
217.299
223.961
217.001
197.936
202.279
183.778
213.095
202.185
227.161
202.286
209.423
219.546
201.839
205.314
202.609
220.377
220.829
207.183
183.509
195.198
224.093
207.655
207.201
219.594
221.459
206.404
206.593
197.404
221.444
182.402
217.333
203.297
213.718
194.021
201.074
207.802
210.454
213.407
223.084
202.543
200.391
197.361
218.125
217.369
198.921
215.74
197.906
183.291
211.72
195.029
198.997
203.195
168.665
