173.076
187.118
166.359
172.395
161.064
182.056
173.921
169.693
186.397
182.94
204.432
211.283
175.62
190.605
176.766
186.628
176.325
168.108
161.445
165.895
172.749
188.916
175.656
174.392
165.049
174.383
170.108
195.154
181.889
167.22
190.661
186.59
198.985
187.081
193.904
200.484
173.071
188.102
192.553
161.886
175.541
163.785
185.457
211.02
186.098
174.763
158.351
190.017
170.039
173.947
184.399
201.637
163.676
188.64
186.001
190.383
168.024
180.245
166.749
171.477
159.314
182.963
175.101
180.458
176.438
156.724
178.283
181.011
144.799
170.941
170.608
177.077
185.076
183.975
195.169
188.91
176.971
179.178
164.287
180.181
192.399
198.353
170.252
182.81
187.046
180.524
186.473
172.191
169.9
185.043
185.643
162.789
160.639
189.446
177.465
185.452
182.947
144.917
177.796
182.942
194.247
151.98
149.029
186.874
171.594
180.574
181.395
208.388
198.426
183.892
197.951
192.031
167.846
170.891
176.28
161.484
189.994
173.747
172.361
176.262
178.242
181.966
167.387
161.095
213.211
162.272
201.579
189.078
172.657
187.803
174.793
204.214
159.291
181.579
177.234
179.736
165.944
166.501
173.874
179.521
172.248
164.457
185.104
172.311
175.159
193.222
189.396
194.169
177.09
171.244
195.116
211.708
195.045
182.141
194.179
197.282
165.808
180.089
184.133
165.561
204.192
190.444
187.565
149.635
162.084
183.321
191.575
164.762
181.416
163.408
181.385
181.946
169.419
198.544
189.306
173.588
189.429
183.653
168.624
198.953
182.738
187.829
174.609
203.953
166.297
190.125
164.297
173.269
168.323
186.641
193.432
174.242
208.046
178.431
196.69
183.728
143.26
170.025
169.014
194.285
171.55
186.579
202.712
184.525
196.391
173.187
190.064
198.131
195.743
193.01
171.712
168.306
185.915
187.477
186.605
165.111
179.149
189.151
193.77
171.537
181.875
202.996
168.194
190.028
177.637
192.755
150.605
167.192
186.123
171.37
186.422
174.536
178.104
168.037
200.555
170.883
175.95
182.626
183.553
174.347
167.424
173.553
159.194
172.13
174.402
183.831
182.752
187.986
172.627
187.137
179.404
179.765
197.424
150.737
215.122
178.688
197.051
191.789
192.225
184.098
173.674
195.664
172.88
164.277
193.4
159.217
200.416
173.318
167.531
173.818
179.872
174.83
189.035
199.623
196.236
188.413
154.765
141.12
162.609
193.086
192.809
161.892
181.203
195.244
197.931
180.732
176.383
191.772
179.221
168.24
182.473
179.593
198.882
192.05
177.091
184.175
169.97
189.817
173.703
158.121
167.942
183.318
178.007
186.606
193.479
169.08
160.197
172.065
180.231
151.157
202.232
173.054
172.723
179.839
173.578
182.685
170.775
181.111
187.479
186.164
178.125
173.237
175.577
180.375
169.175
184.392
189.692
202.685
196.585
158.754
170.855
183.286
180.429
172.8
187.755
187.582
175.205
169.317
169.702
187.68
177.093
176.21
175.79
173.147
169.718
195.37
182.926
173.99
191.16
186.373
155.588
180.518
199.638
170.796
183.676
190.953
203.886
163.468
174.801
180.571
166.631
205.942
200.862
172.38
146.664
183.764
185.501
193.533
176.152
185.178
167.112
189.853
178.518
180.426
162.311
179.147
181.026
178.993
178.674
176.646
194.038
184.298
187.184
174.393
178.721
153.816
192.316
168.217
189.996
162.315
203.317
176.799
167.211
175.091
182.035
185.463
196.783
180.374
182.789
191.557
174.819
183.449
169.834
164.702
171.415
184.027
180.529
144.555
177.615
167.253
158.449
192.046
195.264
178.77
185.914
162.937
167.023
174.227
177.371
170.922
178.265
157.763
192.499
170.504
154.077
171.749
179.601
188.371
184.436
177.971
199.172
210.441
169.49
196.211
197.963
176.126
185.351
169.36
193.895
173.268
177.639
194.496
191.913
184.3
168.914
178.385
186.164
187.99
200.743
192.352
169.495
170.655
168.446
192.989
182.666
169.916
186.385
179.863
199.573
180.479
207.187
157.916
165.289
172.31
173.305
177.7
184.083
159.433
187.318
177.659
161.64
169.504
203.184
154.553
183.198
187.841
168.702
186.76
197.393
185.93
164.841
173.37
166.975
178.629
172.752
164.164
173.146
199.032
178.251
159.066
182.708
176.353
185.937
189.856
192.371
175.181
177.562
203.133
182.244
196.964
211.57
186.602
191.653
190.367
179.48
186.666
168.184
180.491
189.072
174.15
203.513
209.502
160.584
187.0
194.236
193.57
187.13
156.885
185.389
184.773
170.534
187.896
167.389
180.714
191.201
187.867
192.638
185.056
192.298
201.892
183.462
185.899
166.593
184.775
186.164
169.317
167.885
172.874
182.498
162.766
168.236
189.622
163.012
205.914
174.243
193.617
190.517
159.098
191.202
184.804
180.816
180.152
195.776
215.129
178.945
156.369
169.88
176.596
191.81
197.726
108.85
171.695
186.1
181.058
188.879
166.144
168.442
188.104
168.626
181.297
174.541
196.401
194.117
190.542
149.505
201.54
174.526
162.143
194.824
192.116
160.531
187.924
175.115
203.095
169.488
192.177
185.416
174.474
176.804
176.939
183.833
177.589
166.084
174.388
200.056
190.155
177.898
182.985
173.786
178.722
168.894
184.443
185.055
175.851
195.483
172.984
176.995
190.491
195.308
161.941
171.201
192.688
188.813
155.262
170.735
189.564
171.332
190.828
181.067
189.503
182.125
134.382
167.594
178.131
189.584
179.629
202.982
178.225
172.328
181.36
202.462
172.866
178.827
179.166
177.455
180.721
172.859
186.614
181.51
190.941
180.547
155.12
222.111
184.574
168.741
179.079
197.782
185.485
184.978
192.938
168.13
192.567
171.607
196.787
220.889
187.853
181.639
178.824
174.548
202.615
179.259
157.285
167.875
177.761
174.09
190.089
164.725
174.36
197.262
181.802
170.279
159.114
166.981
174.537
208.952
184.164
165.544
149.533
157.761
187.089
190.447
208.807
169.853
159.847
157.135
178.372
196.923
156.443
175.649
175.989
147.493
201.817
181.918
205.372
181.128
175.293
167.429
195.664
181.871
186.051
176.123
188.808
172.228
148.737
185.45
178.067
180.12
178.034
179.107
187.669
180.457
173.594
185.076
171.771
204.454
187.16
166.775
175.388
159.172
202.488
179.24
173.551
165.521
170.134
181.175
184.574
196.806
183.898
173.946
171.022
177.87
167.433
189.723
197.362
175.656
178.086
175.604
185.104
173.892
192.138
199.29
193.945
175.227
187.306
182.833
195.453
197.594
175.577
193.585
165.646
155.887
152.983
184.796
191.249
204.182
202.711
186.652
184.348
158.51
164.413
200.764
196.94
160.017
174.278
165.505
185.083
178.13
200.004
207.033
189.484
178.498
177.641
175.767
179.355
187.795
188.567
174.433
180.65
186.585
192.672
183.211
179.72
155.527
183.267
170.882
200.043
216.218
192.289
203.177
178.075
176.327
201.11
201.229
205.009
187.321
166.169
180.474
174.575
180.887
178.345
177.212
177.806
194.788
196.169
186.758
176.806
172.91
176.026
167.335
160.672
163.972
198.906
170.972
180.89
211.015
175.907
179.128
203.618
145.976
158.038
158.251
191.896
193.334
184.54
171.444
204.693
188.778
182.151
161.395
173.711
160.833
165.907
187.626
174.773
180.328
181.65
175.5
171.75
209.959
175.501
181.755
185.122
195.307
183.44
172.505
184.144
220.323
180.047
200.332
176.751
186.222
169.959
174.378
187.923
160.094
178.641
185.081
175.403
170.72
187.291
184.495
197.028
182.132
190.23
185.042
176.272
178.27
152.029
173.856
184.529
181.865
184.076
169.438
187.12
197.044
167.65
169.405
177.709
194.695
188.137
170.677
176.103
180.683
175.625
174.351
170.183
192.324
200.133
191.27
196.855
185.226
196.186
179.131
186.236
192.264
201.022
175.538
178.374
192.07
192.417
171.512
186.191
197.027
200.41
175.933
175.247
199.395
165.403
171.812
182.705
207.274
200.077
183.338
187.362
162.491
166.856
204.578
176.889
178.829
173.656
174.956
166.101
163.971
180.377
160.674
168.637
179.599
161.883
183.875
195.813
183.787
196.949
181.723
188.227
162.896
171.926
196.753
178.113
201.845
200.825
175.336
184.631
183.944
165.318
180.768
193.524
167.277
191.13
153.81
180.714
181.59
181.947
199.401
168.417
186.463
191.088
176.042
176.811
179.287
185.425
178.28
175.553
179.348
173.904
183.145
166.292
173.051
170.605
144.893
173.596
172.867
180.826
171.293
182.681
172.769
186.773
204.321
171.372
203.158
185.747
188.864
189.012
172.445
192.819
178.632
159.538
174.517
149.223
177.305
150.714
170.296
185.383
178.072
181.965
211.255
169.951
184.249
189.759
187.568
179.175
185.07
188.48
162.399
171.114
142.451
175.571
190.579
183.827
176.606
187.276
189.425
152.904
157.311
168.777
200.013
195.81
165.469
193.748
162.982
194.185
167.514
183.402
154.442
213.63
169.815
173.335
167.195
159.41
158.067
170.841
177.098
188.689
179.476
203.932
171.405
181.125
184.092
151.375
178.874
180.318
195.741
185.375
177.072
192.893
177.136
180.047
201.023
169.403
169.839
195.85
174.306
198.926
180.875
181.472
177.813
184.76
191.663
175.794
168.996
194.074
170.296
188.519
173.656
189.677
180.202
184.0
157.797
190.535
182.656
157.084
179.098
203.89
194.062
184.661
176.833
188.896
174.642
192.815
164.861
156.228
158.627
176.059
180.931
184.395
202.263
200.481
180.381
175.731
179.019
164.659
191.364
183.68
178.912
177.677
184.254
183.813
180.525
182.962
177.44
175.568
184.423
180.665
182.938
180.022
192.583
169.248
192.723
167.187
175.725
175.526
204.199
201.592
182.372
172.665
174.908
193.712
164.79
211.716
207.077
186.942
160.627
175.925
177.623
184.131
193.011
176.772
183.498
220.837
172.241
192.007
189.4
185.666
208.113
190.543
172.139
167.194
178.726
179.0
164.579
184.497
171.308
214.102
196.707
182.888
161.986
165.664
165.537
174.132
154.006
193.479
175.133
170.666
174.827
203.506
168.701
198.932
147.21
176.348
188.371
171.907
184.402
185.795
176.004
179.135
171.55
162.426
183.328
179.109
146.351
188.677
195.759
177.903
188.433
177.783
208.131
186.492
174.207
181.302
196.217
194.032
191.101
208.232
190.515
172.994
186.61
186.205
189.69
186.561
172.778
179.034
181.865
167.218
195.439
185.259
149.045
176.782
165.639
166.947
178.469
171.566
169.126
185.535
186.946
173.549
173.693
178.692
168.653
200.976
204.732
194.757
184.034
167.42
204.354
187.314
191.173
172.148
191.126
198.944
169.417
169.276
167.701
204.877
193.988
183.238
194.448
176.688
208.44
181.59
182.178
179.579
184.307
174.214
178.911
183.513
178.173
184.425
187.327
160.001
171.063
178.582
178.239
156.518
189.587
182.471
176.898
190.023
184.463
207.93
183.61
181.248
172.649
145.962
188.11
186.305
181.874
194.544
184.166
190.988
198.456
193.453
176.222
153.555
203.389
204.101
169.204
157.236
168.977
158.493
191.036
195.32
179.691
161.773
177.783
192.293
214.641
203.021
194.494
159.837
176.993
193.891
171.152
182.664
187.089
197.343
179.803
190.758
192.254
192.435
189.389
162.979
194.617
174.941
165.702
164.545
186.775
175.388
167.335
141.654
186.345
180.077
155.996
178.664
193.371
176.392
190.736
158.859
184.234
151.93
195.921
177.195
187.614
180.249
182.92
166.382
181.824
173.344
193.214
171.184
164.793
191.209
174.135
165.553
159.062
160.871
173.566
165.807
162.582
183.108
164.181
205.606
169.983
203.29
167.449
167.128
185.395
173.227
181.964
206.933
173.13
182.784
191.418
181.141
162.957
183.549
195.339
179.42
186.335
193.359
186.549
169.811
188.916
177.362
173.68
179.905
181.718
181.368
162.322
186.142
173.847
183.639
179.159
168.808
199.223
174.705
170.24
175.274
166.868
156.4
189.429
195.401
173.349
165.207
168.345
193.907
157.544
196.573
192.998
43.0387
164.624
183.799
184.601
159.376
180.038
184.413
186.517
178.639
179.501
192.555
184.463
188.53
160.837
148.993
193.779
176.503
208.779
164.74
173.847
174.563
181.619
172.782
180.93
176.546
167.82
189.601
186.54
168.738
146.875
175.132
170.439
156.094
178.22
188.422
196.995
185.453
201.442
174.351
157.466
185.005
195.214
187.814
183.733
171.941
179.57
186.382
183.373
199.225
191.526
184.232
162.313
178.009
178.183
187.723
194.241
148.436
190.045
177.695
175.831
188.841
194.611
205.467
159.014
201.376
194.981
175.976
190.694
171.766
189.445
174.072
183.674
153.337
195.323
187.666
185.325
183.649
170.284
154.514
210.041
178.248
200.793
178.648
171.209
159.485
210.181
163.492
170.617
210.73
187.013
170.982
188.272
175.981
192.352
190.887
175.945
182.344
181.842
171.703
194.215
167.444
186.145
193.185
170.857
171.412
172.393
183.685
169.458
183.16
192.478
177.662
176.018
182.245
201.026
202.396
175.978
207.703
178.14
173.839
198.742
196.697
167.441
184.16
167.603
181.47
178.519
177.304
197.931
185.327
164.719
190.362
179.382
187.157
179.87
170.003
194.325
163.646
169.075
167.662
182.109
171.179
186.434
191.354
193.405
190.408
170.604
190.738
173.272
197.666
182.153
167.64
177.942
194.816
166.693
181.671
174.462
188.693
184.816
174.209
205.299
171.093
169.676
174.113
184.975
167.909
175.544
173.742
180.705
200.06
178.064
182.208
181.68
175.285
172.122
181.184
184.53
169.659
168.78
169.382
191.843
186.87
179.644
188.672
213.233
166.655
182.885
194.704
195.823
190.634
180.456
174.254
177.347
181.634
161.877
207.619
189.224
185.429
178.913
177.075
186.747
184.055
174.129
170.138
194.302
203.261
164.756
198.435
186.345
167.94
188.353
183.235
192.028
166.827
180.571
173.53
183.654
164.74
182.155
186.597
183.597
190.633
172.5
182.795
197.257
186.631
183.639
181.128
208.21
179.002
178.142
172.454
174.267
192.749
208.627
191.314
176.619
182.755
183.095
169.717
163.882
207.351
184.762
179.332
189.733
172.2
171.471
160.763
203.061
200.134
165.697
195.834
178.617
187.181
193.354
180.514
182.627
179.787
177.148
182.647
186.333
169.922
167.505
178.938
165.739
165.081
177.104
181.323
181.811
184.31
170.544
209.191
171.52
188.927
183.304
196.522
193.06
179.045
163.94
163.116
147.508
189.328
186.243
175.751
175.632
173.664
189.466
193.975
162.301
201.294
173.629
184.127
160.16
162.665
184.667
180.111
189.24
172.151
151.438
159.818
180.452
164.213
179.385
174.628
184.818
166.399
190.451
186.635
186.735
185.684
181.245
170.828
172.455
181.462
197.543
185.041
154.986
172.374
165.514
175.4
178.36
188.625
193.45
174.521
163.962
176.336
184.936
153.702
176.264
193.449
149.829
172.823
166.732
182.202
177.303
173.714
191.481
190.087
185.623
162.576
175.786
202.857
188.962
157.619
175.458
165.02
157.693
175.916
159.149
182.064
180.429
184.294
192.825
157.259
173.58
151.633
175.117
190.002
198.168
178.473
178.858
158.849
192.764
190.398
203.992
182.803
162.834
187.855
178.106
190.121
168.476
188.937
194.824
183.767
200.557
177.467
189.626
145.721
191.44
189.674
198.162
192.307
155.557
191.269
183.021
184.937
166.596
184.352
193.752
168.451
189.792
176.303
181.121
175.7
197.788
178.581
176.693
188.41
163.494
187.936
160.396
187.286
179.827
186.471
170.993
158.545
177.251
171.862
176.251
161.339
203.517
159.058
194.567
154.381
178.233
192.187
175.206
213.516
161.422
189.795
186.833
169.827
167.47
167.121
216.586
186.432
179.995
186.113
185.666
176.951
165.143
170.493
195.855
184.078
163.617
173.445
181.772
186.37
157.355
166.621
171.766
158.648
176.44
176.722
184.163
201.095
185.382
180.096
202.384
169.186
208.066
184.174
181.643
182.495
163.167
185.917
204.202
181.991
179.13
168.209
188.762
168.354
187.692
172.938
163.958
190.935
171.738
172.652
191.996
182.929
180.771
200.12
171.402
166.077
166.764
164.842
174.089
188.984
154.886
189.953
175.217
172.631
171.318
186.906
180.55
170.896
179.549
180.833
173.604
173.666
175.697
203.096
197.707
177.382
151.001
173.929
168.19
150.523
161.006
182.139
162.189
186.845
191.897
171.862
189.912
182.685
197.337
165.879
151.82
185.996
180.075
145.515
169.4
180.786
204.794
171.758
191.901
197.451
175.476
196.87
186.198
181.462
162.765
141.752
172.252
177.411
170.114
152.467
205.528
180.211
188.779
161.487
194.337
201.837
193.012
174.412
199.253
183.447
174.35
188.523
176.628
168.514
197.339
185.827
189.919
176.313
172.022
184.308
173.88
178.821
184.636
162.743
209.813
198.499
199.438
171.584
179.326
178.107
135.565
187.643
174.028
185.317
181.938
197.866
197.262
170.015
182.403
182.115
192.441
191.43
184.406
212.044
170.492
196.518
190.039
186.59
189.928
184.819
187.496
195.777
174.223
179.229
164.633
170.879
195.167
167.866
161.344
172.667
165.882
200.489
169.108
156.023
185.0
186.213
184.403
177.431
216.282
155.941
214.845
179.889
181.04
165.459
195.018
189.906
185.942
197.355
180.753
170.374
185.495
197.09
181.265
194.979
164.921
184.285
187.37
163.544
180.606
183.744
190.121
202.936
181.384
173.097
179.092
186.757
196.269
192.022
185.238
183.4
195.197
195.559
171.821
172.782
152.204
193.185
174.665
199.227
157.699
196.102
169.047
172.209
179.393
206.349
183.296
207.48
162.237
153.085
203.18
160.311
175.36
178.088
184.742
169.729
183.646
178.654
216.311
193.753
178.709
166.955
169.263
163.399
203.292
155.74
186.422
184.244
206.582
163.78
200.993
177.617
181.566
178.736
183.345
199.539
187.657
176.246
181.714
187.938
194.199
167.551
168.392
181.405
182.325
180.102
169.108
175.936
193.255
185.753
166.364
197.28
180.266
171.526
172.234
184.423
182.085
176.221
189.574
160.429
162.092
179.66
180.797
164.308
157.207
181.953
180.693
177.764
180.674
186.576
153.588
192.244
174.93
173.781
195.689
169.41
155.13
182.349
199.947
186.419
198.414
173.248
207.41
171.482
170.621
172.945
182.06
170.861
172.723
182.149
183.087
178.952
166.583
192.886
193.574
182.168
177.155
179.191
176.398
183.089
180.945
180.77
177.769
177.922
194.674
177.432
179.758
178.325
191.039
198.17
203.836
199.557
163.557
190.661
190.882
179.863
194.232
179.024
203.691
201.403
181.958
166.49
174.131
156.419
168.116
190.275
168.69
179.949
161.709
202.004
185.913
154.289
166.139
177.987
190.219
179.371
188.328
181.931
186.279
191.807
189.959
163.181
185.497
171.838
152.471
187.6
191.103
199.454
189.871
202.022
186.504
190.477
178.293
167.349
185.222
179.093
180.066
177.838
184.982
184.305
191.482
201.408
187.608
183.133
175.174
169.546
179.243
186.288
192.291
197.91
167.513
174.629
192.211
170.844
177.085
200.623
186.342
175.346
194.786
195.266
173.959
193.446
158.71
185.248
214.259
165.326
206.588
185.398
195.482
178.142
186.285
169.74
201.752
200.99
203.589
212.626
186.952
173.98
169.157
157.263
193.43
182.566
197.071
187.013
160.857
176.571
163.651
186.707
201.484
161.009
177.631
175.782
186.956
165.658
188.736
167.21
193.791
190.509
174.481
203.644
178.89
189.909
158.396
166.895
173.629
170.778
193.436
184.083
189.883
173.613
164.623
191.818
213.677
181.554
167.204
155.517
189.001
173.358
177.281
161.549
188.812
194.75
176.797
174.414
186.171
196.281
174.508
193.811
197.392
176.795
184.415
175.091
181.577
183.768
168.493
194.219
192.796
188.513
191.885
183.989
184.115
188.051
176.389
182.401
184.292
183.287
209.743
200.586
175.839
166.374
195.133
178.007
178.922
202.099
172.804
174.338
163.332
154.172
193.679
155.819
168.091
192.505
164.963
156.709
202.302
179.979
178.379
180.097
189.481
183.683
185.153
193.229
165.037
172.535
175.482
184.757
154.489
176.436
175.801
187.399
187.382
171.003
176.221
161.608
176.893
193.231
183.321
176.618
209.21
163.103
180.056
226.208
188.659
168.877
173.583
195.363
189.933
191.063
191.238
185.227
162.278
176.461
174.616
161.02
179.744
172.649
170.803
188.613
181.859
170.487
194.158
178.105
185.154
165.897
190.356
185.864
209.78
183.785
164.927
174.307
175.87
167.014
182.391
192.755
155.208
195.008
176.551
189.265
187.998
171.252
180.635
173.749
191.223
183.347
191.372
182.72
180.782
164.495
202.011
183.453
178.306
175.902
166.843
178.065
176.882
182.631
178.867
197.326
193.056
198.601
166.716
175.164
178.577
163.498
198.768
167.654
161.783
205.776
179.538
216.446
184.93
180.262
184.939
159.519
185.679
208.932
178.914
176.242
171.845
166.487
180.714
186.109
174.968
169.324
178.531
189.528
185.874
155.29
201.898
166.421
195.713
178.145
199.26
179.955
170.945
204.948
186.675
196.514
180.256
193.174
197.103
170.837
182.263
168.764
164.767
200.695
154.181
161.223
201.043
193.846
177.144
170.563
174.432
181.446
173.65
165.205
172.631
176.856
155.63
209.22
198.521
176.646
199.742
186.37
188.454
186.606
206.909
172.542
170.508
199.735
192.893
186.657
186.906
172.355
171.848
195.91
170.43
185.665
164.881
182.111
163.578
184.348
182.689
174.089
165.811
170.219
185.618
174.62
194.052
180.117
174.044
169.417
176.344
177.441
220.531
183.314
173.797
186.532
168.798
173.749
155.205
198.405
191.391
171.507
179.004
202.511
179.962
198.19
186.316
185.801
182.064
180.156
183.82
189.718
175.352
177.832
179.877
194.006
177.393
168.677
192.436
185.869
194.998
184.207
207.409
192.156
183.66
141.784
174.13
183.223
188.333
177.169
186.519
191.909
185.131
183.331
204.357
162.713
193.576
193.993
163.907
201.709
186.481
194.203
187.467
184.476
205.412
171.705
195.392
181.42
192.473
188.514
175.303
196.482
193.276
167.987
186.022
191.81
172.974
215.917
210.729
161.821
182.315
169.339
184.01
186.514
170.22
194.411
190.469
192.19
192.712
186.856
205.183
189.037
154.033
184.892
175.615
161.566
169.231
189.939
202.82
169.809
176.464
158.242
194.728
169.128
179.485
162.829
189.471
195.589
202.648
182.779
184.017
168.759
158.627
163.083
172.497
173.048
149.858
160.911
183.303
168.944
181.99
166.486
169.081
176.664
179.823
189.92
180.263
194.094
201.736
169.66
179.586
190.857
169.829
210.337
161.127
193.72
183.548
182.804
169.279
182.938
182.59
165.353
167.715
178.041
186.902
202.016
153.595
164.17
177.313
173.078
182.889
174.685
174.309
200.917
168.822
187.13
189.702
182.934
190.149
149.519
185.853
188.395
178.716
185.011
173.8
174.377
171.711
181.006
200.037
169.153
171.898
199.623
200.564
173.856
172.978
195.041
194.183
161.54
182.05
169.585
160.86
193.441
189.583
157.018
170.418
170.178
207.644
196.438
176.764
157.138
183.874
195.984
192.867
193.684
184.15
172.122
173.503
166.027
187.798
182.876
168.619
177.572
196.238
207.016
187.402
170.511
210.547
182.802
186.716
208.018
183.459
178.986
194.051
184.715
181.52
179.078
174.947
177.337
187.186
151.368
207.842
204.367
175.678
176.731
190.496
190.456
180.501
202.906
188.419
186.584
178.714
179.406
190.309
179.384
160.658
186.27
168.585
196.698
177.527
193.826
208.18
172.745
196.484
171.766
189.993
178.135
194.289
197.129
190.356
194.563
170.376
178.433
184.684
208.538
166.246
162.509
178.983
162.019
164.516
193.692
182.997
184.703
188.467
195.626
195.315
173.834
180.09
215.923
165.826
176.188
201.372
189.131
183.318
179.742
183.996
172.698
175.496
174.617
200.233
170.446
191.181
179.485
162.252
180.21
188.821
173.045
164.79
206.126
183.214
162.107
195.601
164.097
194.833
179.037
188.984
170.439
183.163
178.14
170.056
188.496
182.271
196.936
191.591
161.278
184.461
178.087
164.722
198.18
163.911
178.414
193.697
185.325
208.031
205.317
182.262
196.984
164.987
207.393
186.937
202.265
208.659
174.037
183.552
176.662
184.888
181.765
192.75
163.05
194.21
171.258
164.862
168.324
172.964
166.691
150.611
195.433
160.954
163.76
209.472
183.549
190.005
160.064
205.418
193.444
183.854
167.457
172.413
183.294
180.367
200.474
172.57
156.444
207.941
185.314
195.064
155.235
169.576
179.897
187.513
180.385
190.277
162.269
182.504
181.323
191.224
160.262
174.07
185.517
169.542
172.082
196.296
177.212
170.567
159.823
195.003
181.606
169.249
167.879
198.622
180.078
170.836
196.442
176.519
159.813
194.36
184.911
176.701
167.974
168.326
184.029
208.923
197.966
187.04
204.13
173.857
193.739
192.556
206.457
167.927
158.957
182.313
192.032
196.505
183.032
184.172
179.518
179.896
169.216
182.017
177.987
174.482
179.772
181.033
171.534
223.895
191.108
176.851
183.636
156.101
177.79
197.653
195.155
155.896
188.625
185.092
196.837
182.885
171.447
186.683
189.186
172.419
188.662
183.966
194.422
203.094
167.078
177.065
145.837
177.203
195.482
181.788
193.649
174.176
177.023
189.283
173.836
188.657
172.727
213.293
183.404
189.558
187.128
193.748
150.011
201.817
182.734
211.496
190.935
202.159
190.172
179.36
168.982
184.181
185.568
178.307
177.254
157.61
158.21
153.874
188.482
202.133
170.453
174.896
185.751
204.586
212.153
187.479
177.109
191.412
176.944
190.817
185.702
192.105
183.988
181.979
158.207
163.621
188.369
183.615
183.598
180.22
192.669
178.933
194.44
161.067
185.026
166.806
179.965
173.904
172.786
187.531
180.326
170.403
180.326
176.472
151.704
173.748
195.858
190.304
195.719
156.587
156.916
165.375
191.989
170.433
182.945
199.87
178.268
184.434
191.601
178.064
188.108
164.514
185.553
180.655
182.171
181.779
185.29
196.196
196.322
180.616
190.782
197.621
163.113
176.804
185.842
193.908
223.063
196.7
174.77
174.35
196.993
151.181
173.748
194.878
173.321
186.269
169.665
193.525
185.531
171.029
191.2
171.747
171.88
185.935
197.876
165.323
161.847
134.672
184.019
163.5
203.948
204.057
218.954
196.959
198.722
200.062
192.082
181.157
173.827
199.126
180.302
196.157
195.381
175.343
181.02
189.463
186.009
192.05
194.506
190.601
194.165
174.438
202.976
167.222
190.528
202.83
176.207
165.226
199.709
176.018
182.087
167.46
158.71
197.874
191.726
182.311
182.44
168.844
191.319
169.796
191.789
177.7
204.474
173.844
179.069
203.783
173.811
178.71
172.392
182.937
163.157
165.296
185.783
179.63
173.096
163.638
180.152
191.576
175.455
182.593
202.18
171.28
171.537
173.488
174.428
177.923
184.399
191.927
190.232
188.15
175.702
159.635
197.995
187.333
176.993
149.102
166.404
189.392
166.676
183.971
186.194
181.006
173.066
174.629
183.671
203.309
185.941
175.917
190.991
172.817
189.917
152.389
169.144
184.573
172.603
191.542
166.486
175.62
185.5
190.062
187.133
170.074
173.775
193.665
154.459
197.321
177.648
190.805
178.555
170.98
173.355
190.518
155.761
170.164
175.403
182.81
188.35
196.842
182.719
189.821
193.373
197.353
197.906
180.454
202.796
185.904
194.987
167.552
188.981
178.887
197.807
169.243
182.007
197.582
164.618
192.572
181.753
185.333
183.776
184.319
181.283
189.919
184.021
207.893
186.01
164.181
191.143
186.992
158.827
158.572
207.122
156.641
175.671
185.24
182.401
178.003
188.158
199.016
212.955
197.892
166.765
178.111
196.775
174.137
173.355
183.272
157.895
175.854
180.182
219.811
188.965
177.16
183.853
215.707
146.41
175.435
178.909
174.129
167.34
207.434
168.282
190.131
177.774
187.223
191.225
191.755
177.842
171.329
194.911
170.608
202.832
176.195
196.087
184.738
156.905
173.234
169.116
166.0
180.856
184.079
192.996
203.227
179.916
165.274
172.614
194.789
175.909
186.283
148.292
197.294
180.464
168.425
183.703
170.201
167.308
190.465
193.152
184.149
189.272
179.726
196.215
167.181
176.259
162.554
178.456
161.3
174.62
176.18
184.284
198.428
169.093
144.875
186.631
177.956
190.717
200.725
173.857
184.784
151.328
181.43
159.431
189.509
172.802
184.531
193.892
184.95
192.875
167.236
186.775
188.927
189.313
176.008
170.368
181.221
189.786
190.38
194.401
155.03
154.167
178.554
161.413
183.51
190.255
160.376
202.505
174.434
186.847
176.108
165.451
200.875
177.402
173.489
194.865
169.874
161.015
174.081
185.488
221.428
190.626
175.706
179.872
181.414
190.415
181.232
187.531
183.672
193.66
191.753
179.458
171.267
203.551
198.73
191.021
172.339
181.349
190.333
191.617
179.837
197.815
168.05
155.265
175.086
174.51
174.871
197.503
200.534
174.401
190.266
196.852
169.135
183.606
163.431
176.035
169.367
158.393
188.355
182.341
172.352
165.616
163.059
184.715
180.135
200.036
161.741
163.079
156.048
190.885
171.486
182.605
173.51
189.969
178.992
198.327
199.525
196.791
192.08
195.469
182.526
156.59
156.914
166.108
199.333
172.533
180.183
196.871
175.68
175.522
183.94
203.49
179.018
194.517
179.457
174.319
184.063
132.591
176.953
169.647
173.056
174.017
166.872
160.518
177.513
177.765
204.722
171.377
184.824
181.148
199.04
172.427
175.367
180.521
188.788
178.491
199.923
168.808
194.648
171.986
157.796
173.773
161.219
171.968
197.201
191.433
177.399
165.567
177.017
181.599
158.788
210.978
184.931
178.835
192.131
202.823
200.432
178.362
186.889
196.133
164.991
173.947
148.79
176.883
172.257
188.979
170.715
189.04
189.823
196.115
180.104
171.75
182.767
188.812
176.354
177.128
178.34
166.092
196.013
155.753
176.689
176.478
166.535
213.955
184.061
176.819
179.894
189.374
177.105
178.457
184.299
173.284
181.25
167.028
175.652
166.545
165.347
197.148
181.035
188.646
189.647
159.64
191.59
193.484
175.72
196.711
206.647
201.005
182.858
166.238
198.079
191.868
203.597
171.942
168.896
182.128
184.66
178.481
180.216
183.646
186.177
178.102
186.67
171.293
175.928
183.086
212.979
192.141
180.65
204.562
167.294
191.402
174.39
164.592
169.969
193.163
182.38
191.251
167.229
162.239
206.902
171.561
191.199
204.144
149.218
177.622
170.065
206.96
177.723
170.137
160.432
200.089
179.756
201.185
197.348
175.846
180.773
210.214
198.159
171.787
186.506
174.182
142.01
185.171
188.614
196.025
180.787
170.142
169.311
187.648
183.651
189.846
187.924
189.303
164.41
182.844
193.537
192.536
184.635
171.327
186.431
159.399
174.11
178.445
153.946
181.816
191.725
199.252
175.301
178.26
186.728
182.785
196.644
181.165
219.408
179.325
169.334
197.649
130.972
168.579
167.137
175.757
178.453
186.526
157.941
187.272
168.725
188.911
167.506
178.089
190.253
173.565
178.61
191.031
174.359
186.757
172.842
187.644
178.386
171.749
168.818
181.207
183.163
213.656
195.631
163.918
167.952
172.725
173.775
194.665
188.381
168.781
184.678
190.556
191.382
185.28
155.64
192.981
182.5
190.958
184.245
165.571
188.531
158.071
154.714
173.71
192.41
190.4
185.365
167.694
190.902
163.817
184.632
177.031
171.89
203.263
182.313
179.378
183.853
200.744
170.697
187.334
195.834
176.436
186.615
173.053
136.179
168.501
173.441
161.092
172.937
169.327
191.914
206.597
192.36
189.324
184.618
174.407
201.997
200.028
205.863
186.911
182.685
178.297
168.993
196.361
185.785
177.142
167.106
191.638
157.873
199.024
198.245
189.909
179.831
198.164
179.981
200.117
173.468
192.386
214.368
201.953
167.355
178.942
194.055
197.824
165.054
188.192
200.002
180.887
179.78
199.351
192.592
186.231
122.787
174.43
184.594
157.856
176.779
158.625
170.249
178.154
186.789
181.614
177.981
178.092
173.91
179.3
159.924
162.332
159.951
195.247
204.352
211.291
170.846
200.602
183.803
170.782
181.501
197.788
175.18
187.93
194.364
179.616
193.773
175.491
169.339
190.134
183.1
165.684
182.141
179.808
180.337
190.256
169.276
197.311
182.392
183.061
180.404
188.955
181.229
169.624
184.496
173.742
183.338
174.435
187.676
175.705
174.874
178.973
172.205
157.852
182.089
175.615
150.54
175.391
163.255
185.428
178.443
178.871
175.114
191.63
186.368
186.865
197.283
198.814
192.753
169.363
226.324
184.535
193.468
174.841
159.649
202.415
204.344
192.781
172.898
199.11
184.829
186.197
188.17
191.391
163.773
187.176
172.359
171.529
189.543
186.35
197.967
164.964
170.658
183.287
180.156
170.801
172.146
171.47
166.559
171.071
187.266
194.278
182.539
147.826
171.965
173.507
170.752
170.869
171.325
194.623
161.2
211.953
164.716
168.406
177.21
160.678
209.495
177.562
191.769
183.03
169.4
169.398
183.001
163.165
182.01
165.789
171.305
181.545
174.822
170.034
197.022
185.991
173.952
196.69
202.704
175.041
159.751
174.758
182.885
173.079
195.448
155.941
184.536
167.341
138.712
187.408
161.989
163.365
174.433
181.925
176.775
185.817
160.876
183.142
185.799
169.347
185.116
197.033
169.844
178.816
183.854
196.585
175.237
151.9
193.384
196.614
181.025
182.056
179.551
185.791
195.225
167.473
195.347
167.455
178.952
171.07
191.56
171.787
181.184
190.767
185.77
181.157
186.671
173.732
172.89
186.138
167.247
147.239
198.136
175.808
178.022
201.793
203.601
163.466
155.707
181.719
169.68
156.05
181.677
192.134
163.272
186.76
171.585
182.746
180.874
173.944
170.135
176.931
187.502
171.761
182.648
190.484
204.926
179.667
188.753
158.162
188.648
180.705
163.845
169.121
212.714
204.029
180.942
163.588
191.867
177.812
160.14
180.209
151.492
163.042
173.832
151.564
183.229
153.103
156.864
206.7
186.554
183.493
174.796
161.712
180.482
181.018
162.072
189.406
195.156
187.201
172.05
170.753
191.529
209.133
193.988
203.476
171.421
190.634
153.177
182.303
192.103
190.837
177.348
202.621
177.707
165.287
179.319
192.004
186.775
182.199
185.095
192.943
179.551
192.967
176.858
179.877
196.929
169.435
174.989
142.122
181.641
171.21
173.275
182.763
189.473
180.307
148.417
180.911
184.049
194.648
198.567
186.393
199.164
186.601
213.781
164.128
182.72
193.22
187.432
154.867
173.551
182.439
182.513
193.302
182.03
201.534
164.571
172.321
188.449
194.78
175.743
185.467
195.153
183.556
173.287
167.46
214.825
197.089
177.584
174.8
167.244
193.716
180.564
176.783
185.091
185.736
197.39
192.43
185.028
180.66
191.453
194.013
192.546
217.865
176.519
177.535
177.115
166.522
193.94
172.448
202.894
206.836
194.907
186.914
163.601
188.047
165.802
155.965
175.647
189.118
184.506
204.456
179.008
180.364
180.028
185.974
45.8969
174.966
171.281
187.151
187.468
162.321
201.454
184.372
171.956
174.149
191.461
181.363
177.956
203.279
163.418
172.48
177.988
174.83
203.214
169.119
173.636
185.598
161.857
166.148
184.552
148.571
165.264
176.981
170.4
207.937
169.665
174.379
173.667
195.506
193.036
167.39
185.379
182.637
161.728
182.174
175.95
178.04
175.104
187.939
189.601
175.8
181.084
164.302
182.786
179.375
167.161
172.857
154.994
164.022
190.974
184.702
187.31
169.817
156.314
162.836
179.141
161.079
168.89
193.989
179.589
178.144
167.826
178.387
175.888
188.067
195.188
169.701
191.668
200.695
166.428
164.014
166.58
188.282
188.797
173.235
181.229
181.503
205.022
160.382
175.597
171.556
175.031
197.198
164.337
179.151
179.852
194.53
189.384
189.869
162.645
183.802
197.669
176.85
165.533
188.249
192.841
169.602
198.766
178.855
167.56
175.044
193.089
170.457
184.26
202.057
179.119
168.113
184.614
187.606
165.664
171.663
176.966
168.876
182.786
198.292
187.192
161.088
177.711
166.116
198.431
198.494
193.674
195.827
187.374
182.949
174.457
190.547
187.95
192.605
164.352
176.369
172.289
189.101
194.645
181.093
167.58
195.607
182.596
175.711
180.534
180.811
177.852
180.824
179.794
154.195
188.531
181.935
189.195
174.734
162.532
187.116
177.254
162.442
177.013
192.505
186.87
199.691
175.815
199.655
195.493
210.274
180.53
153.556
180.089
159.423
183.022
178.582
189.165
174.704
182.975
175.437
180.87
178.209
187.471
190.264
186.809
187.325
178.352
178.582
214.775
158.527
177.24
191.926
168.938
174.897
174.945
159.681
174.278
170.065
179.546
176.523
183.97
185.675
186.659
175.809
178.902
187.217
179.067
195.567
194.368
181.434
194.385
176.882
190.158
155.025
178.373
167.521
184.255
172.272
166.338
165.196
162.842
200.069
179.007
192.261
192.843
185.15
195.543
168.693
171.501
173.051
175.701
185.186
197.082
174.475
176.257
202.956
193.101
188.384
194.162
162.347
221.205
164.223
181.601
194.856
170.225
167.957
188.09
192.148
205.915
173.049
191.761
166.111
191.534
203.601
171.733
200.804
169.131
192.495
183.131
152.91
174.091
176.861
167.178
188.711
172.543
190.958
194.618
174.24
188.458
191.614
172.251
204.456
188.108
201.585
177.794
198.317
170.387
182.389
185.572
187.991
177.848
189.04
147.409
181.011
172.804
202.674
163.107
168.492
165.769
200.53
175.969
210.046
188.046
193.847
162.059
192.756
190.826
182.737
185.617
159.855
198.49
188.123
173.908
157.863
191.873
166.456
180.391
178.083
172.906
165.788
178.747
191.633
181.617
176.588
172.616
169.6
174.908
173.643
179.054
189.508
170.366
167.317
139.238
186.357
157.65
184.824
164.521
186.426
170.712
172.127
177.748
193.282
163.156
196.549
181.44
186.386
164.851
189.434
184.317
174.92
177.813
177.928
182.238
173.858
189.668
174.04
170.051
215.254
192.76
160.799
174.728
198.221
202.521
195.798
162.511
183.003
209.044
195.855
190.131
177.353
171.696
170.27
182.928
198.164
175.119
189.842
192.148
177.77
186.3
172.889
186.532
193.779
220.255
176.593
188.372
178.957
177.207
191.561
188.027
183.477
194.505
182.955
172.497
156.933
145.012
166.502
182.435
201.266
184.872
176.437
164.495
165.039
190.665
182.853
188.379
175.024
179.804
203.96
200.217
188.33
193.045
170.712
196.774
174.635
192.659
183.939
194.299
178.048
197.094
222.351
198.121
203.469
169.767
215.138
194.21
191.257
169.118
178.469
174.706
188.262
182.326
212.629
202.066
185.19
217.006
170.216
155.252
152.809
184.495
196.505
173.887
182.279
168.837
169.523
189.994
170.945
178.788
163.847
165.423
170.358
180.572
182.895
169.679
185.395
183.046
166.485
186.351
178.253
184.802
182.057
187.616
210.192
204.589
197.854
169.213
176.437
197.653
166.757
191.037
191.347
154.397
192.161
195.528
171.673
159.755
158.761
172.375
181.897
175.905
184.952
159.85
164.606
205.719
170.678
191.062
185.624
168.625
179.96
185.543
179.895
164.71
197.129
164.456
179.105
202.038
185.66
194.782
189.225
175.354
158.075
171.015
170.797
172.781
188.586
194.032
187.811
173.888
206.765
204.201
184.4
168.442
156.116
191.034
201.451
194.396
175.746
177.057
159.832
187.218
161.152
195.644
195.801
174.93
175.078
202.925
157.742
191.994
189.799
188.186
197.865
177.152
192.488
178.008
178.059
197.766
180.934
161.418
178.54
158.387
180.908
182.533
179.407
165.093
201.208
183.199
163.109
182.676
193.373
189.278
185.37
152.943
202.27
200.165
222.905
201.598
178.004
171.082
195.531
170.085
185.21
169.976
185.845
181.324
177.772
196.215
178.754
198.916
190.139
180.942
192.681
196.87
155.471
183.383
174.921
167.757
211.867
183.797
209.269
173.954
175.388
195.175
179.225
188.16
201.968
182.062
184.415
177.217
185.706
168.696
178.991
185.329
194.568
167.647
177.619
172.978
184.347
181.655
192.019
172.028
166.242
148.139
164.699
181.68
174.152
179.177
184.663
182.047
190.396
191.15
170.51
182.431
162.995
156.626
188.069
150.832
171.416
210.636
177.449
172.598
190.442
193.402
169.613
186.413
207.738
186.22
176.177
165.508
148.539
188.808
166.44
173.141
183.83
185.612
186.599
173.906
167.58
195.845
183.545
170.453
188.172
204.619
172.183
156.502
167.599
195.803
159.693
191.853
180.899
190.439
192.089
166.371
184.556
180.509
187.124
163.643
191.154
183.899
190.371
194.395
189.778
189.332
163.473
167.921
172.518
181.796
172.308
209.397
168.003
182.94
182.215
174.34
163.055
197.255
182.256
166.119
164.393
177.696
174.701
160.524
166.456
187.729
192.631
180.831
179.5
170.233
176.178
184.753
171.152
200.135
191.394
168.01
176.219
160.131
156.506
157.486
179.676
183.111
177.703
166.883
196.243
196.381
188.954
182.884
163.146
173.701
176.813
176.309
160.879
193.036
182.174
185.517
185.134
169.691
155.179
169.626
186.436
196.695
192.026
164.758
193.726
194.85
184.533
171.642
152.63
189.728
171.598
170.542
183.772
176.435
179.708
193.178
184.811
178.291
165.456
172.34
177.505
214.964
173.517
194.719
169.75
189.768
189.685
166.347
190.598
184.951
186.057
181.469
176.482
186.217
164.123
192.829
178.318
190.876
192.972
181.836
186.012
185.431
155.378
189.735
180.161
167.829
200.901
189.668
177.719
171.82
172.44
161.4
173.729
188.07
176.009
155.095
179.453
164.816
178.382
192.919
162.348
173.86
176.969
194.789
181.294
183.462
202.679
176.954
189.916
185.536
191.04
196.081
186.028
182.963
163.19
169.456
169.036
181.818
154.978
177.613
172.004
203.891
187.081
180.009
187.995
194.85
164.087
159.741
197.183
171.522
183.566
162.669
162.124
166.785
203.821
187.791
184.16
171.029
212.298
166.621
158.129
172.971
190.997
181.753
180.327
204.116
188.184
162.89
187.916
187.711
191.173
192.16
176.608
149.875
195.825
194.158
193.047
195.898
180.54
189.841
196.31
187.203
199.203
163.991
164.906
181.331
177.789
178.582
185.539
160.968
199.207
174.276
202.198
190.706
183.271
176.34
187.376
194.601
188.229
213.879
166.983
183.514
181.991
170.606
184.975
189.398
191.438
165.539
156.37
193.598
183.796
169.543
193.148
181.265
180.045
195.346
181.682
170.682
173.781
179.769
174.745
163.863
164.076
186.014
164.305
178.744
184.021
181.943
180.45
164.006
191.223
184.202
175.586
180.885
210.723
175.699
191.845
155.515
154.67
178.328
184.655
179.903
178.851
165.131
182.546
188.845
204.825
196.187
183.025
198.955
162.517
178.374
177.453
178.15
174.426
168.524
177.79
156.897
173.739
176.994
196.396
183.488
206.407
160.94
184.31
164.883
173.379
199.703
188.168
161.935
172.227
180.977
180.152
202.033
161.656
164.906
151.458
172.095
198.133
194.947
177.523
174.955
173.756
185.674
182.667
181.242
168.136
163.654
185.092
206.8
211.625
208.178
181.644
176.371
158.962
198.133
186.469
179.705
198.988
200.644
184.711
202.778
167.905
193.502
188.273
201.284
170.589
194.138
194.33
148.517
190.306
184.901
194.906
176.643
170.215
181.381
190.755
175.785
181.749
200.926
169.742
172.674
151.514
188.6
182.154
189.925
178.206
179.873
186.882
194.005
174.7
176.217
183.23
181.049
194.538
172.997
218.087
186.569
185.814
199.805
221.468
166.925
177.158
169.432
166.899
189.96
166.627
167.739
186.166
162.495
152.196
199.107
179.403
178.099
164.968
198.742
175.09
174.798
201.124
181.879
174.935
186.617
200.753
200.265
189.583
161.001
178.108
186.827
151.09
172.179
174.239
191.62
181.895
155.247
180.204
172.288
189.789
181.549
181.057
171.407
173.314
179.432
183.089
173.704
199.052
197.436
176.466
187.307
187.42
192.089
187.659
149.575
177.86
171.35
198.138
208.698
184.226
193.265
183.798
176.396
155.8
193.383
180.336
192.292
181.766
173.881
195.19
203.449
170.19
176.078
168.026
170.477
198.516
174.778
186.938
172.713
171.528
209.634
157.703
189.744
175.795
188.423
184.807
185.919
186.249
170.957
195.999
178.571
177.857
176.432
158.07
189.194
194.45
175.521
199.792
163.796
161.237
171.54
173.169
177.414
171.398
184.023
177.631
162.691
163.819
169.615
193.559
189.74
196.119
201.547
188.901
191.48
166.688
172.76
177.722
167.167
175.738
184.042
177.806
192.449
158.472
173.392
191.262
174.828
174.087
170.243
184.074
189.16
169.841
178.562
180.224
189.38
164.979
185.896
164.32
178.963
200.574
171.171
194.238
155.763
186.576
176.903
194.677
201.04
186.997
174.164
164.832
170.626
189.511
162.044
181.494
175.066
197.93
169.247
162.082
148.338
186.595
172.733
193.861
167.634
182.543
187.374
177.245
144.518
192.837
191.028
179.26
181.948
196.076
185.849
182.015
183.819
162.837
178.649
158.614
175.576
182.364
179.181
129.281
143.131
163.41
183.734
186.568
182.46
191.788
176.41
191.092
186.926
192.358
185.405
199.47
163.779
167.244
188.16
153.521
167.116
180.633
185.265
175.059
185.355
160.162
167.989
195.372
190.061
198.851
178.023
173.768
182.908
180.158
181.393
183.577
154.294
154.48
179.585
193.56
195.49
179.21
191.231
184.046
167.102
189.048
168.349
180.021
175.914
159.673
205.059
170.623
164.688
181.865
184.93
188.466
163.382
209.042
167.308
193.988
171.357
166.834
184.114
177.706
177.116
194.718
191.651
190.342
192.671
188.477
190.552
182.249
198.721
165.802
170.244
178.326
190.83
185.313
175.855
172.21
192.965
189.74
187.801
188.667
200.369
161.893
205.645
180.569
172.752
178.652
179.898
175.322
169.978
173.549
204.351
181.511
211.684
176.904
182.253
185.624
193.626
179.413
164.98
202.261
186.359
160.743
170.427
191.545
172.101
160.405
154.483
192.321
204.371
176.901
193.716
175.596
192.929
164.834
205.348
178.981
187.382
203.58
192.458
185.934
202.677
174.691
150.969
180.972
197.397
162.209
159.167
180.617
182.859
164.243
188.186
185.088
180.586
190.395
171.294
172.953
171.872
154.778
180.941
174.461
202.652
200.217
194.028
185.964
187.99
162.005
185.778
207.515
164.482
180.974
192.646
184.664
172.973
160.944
185.598
173.661
176.01
177.839
170.743
180.466
178.195
180.42
164.374
200.343
181.706
172.707
196.688
194.406
176.65
179.955
185.22
204.778
192.11
200.848
152.598
196.914
158.758
171.156
174.229
155.704
190.352
179.49
169.315
181.739
158.603
180.343
182.666
182.495
180.035
163.122
186.188
192.114
172.727
193.608
182.99
205.586
163.853
188.875
172.909
190.189
179.913
180.09
165.107
181.667
197.979
174.033
180.382
180.94
163.308
189.622
195.786
186.197
181.353
191.628
181.212
179.076
205.544
186.666
194.399
155.551
196.785
181.651
169.717
179.742
185.391
174.854
156.014
172.092
182.012
193.54
161.101
186.733
186.72
166.173
179.91
170.718
181.662
165.977
202.52
181.739
193.766
149.364
154.737
168.901
202.753
177.875
174.294
165.114
159.801
185.301
207.344
166.385
175.596
180.665
180.633
200.855
196.291
169.612
167.05
200.851
218.227
168.518
219.761
174.434
187.939
154.763
193.306
165.618
176.998
185.491
178.729
182.091
169.261
193.471
184.318
187.514
164.212
191.245
187.9
189.231
148.731
198.141
169.039
170.346
156.145
212.777
166.765
182.493
184.027
186.834
198.852
167.247
189.506
148.283
165.384
185.165
182.812
190.473
150.888
174.313
173.625
168.706
194.028
180.959
171.696
204.41
193.06
188.924
172.659
170.435
195.477
182.661
154.156
187.389
176.901
182.165
181.903
183.919
181.793
163.526
162.01
177.317
169.472
176.154
184.614
197.437
173.127
180.331
183.201
189.335
166.313
172.531
176.895
179.111
170.702
177.522
191.693
185.832
189.667
181.912
180.651
214.572
186.272
186.048
177.835
180.161
190.935
161.656
188.539
190.462
185.602
187.311
185.984
170.575
180.858
208.305
206.763
188.876
182.959
165.742
175.363
184.149
178.863
200.521
196.629
169.275
187.388
184.35
197.772
180.067
177.518
176.032
190.089
185.656
164.9
177.6
188.011
183.691
180.425
149.496
176.117
191.04
189.114
164.472
184.456
192.426
203.309
174.99
184.734
191.102
179.596
187.142
198.043
186.587
159.067
181.631
207.049
209.042
180.782
162.701
190.424
159.497
180.696
182.146
177.899
192.854
173.224
173.612
189.234
182.276
169.545
169.432
205.08
188.801
194.489
191.924
159.275
159.359
200.949
177.309
183.341
157.031
180.786
179.085
189.782
200.784
191.127
191.677
160.873
171.261
193.564
172.281
182.194
194.734
186.777
162.592
182.134
175.36
208.457
188.648
162.037
180.237
194.625
185.024
186.8
182.159
185.692
188.902
180.03
174.758
177.103
174.217
142.303
156.053
176.977
192.133
174.621
207.341
194.116
192.066
181.44
204.863
190.924
178.108
205.444
179.392
190.471
199.414
167.9
176.15
194.965
174.552
188.99
181.486
188.382
171.713
192.407
190.039
181.92
160.3
171.134
179.028
179.232
192.837
213.49
178.329
172.921
192.894
169.262
182.434
189.581
186.903
174.941
187.334
194.545
184.423
175.28
186.801
165.081
177.167
194.234
178.635
180.003
175.459
169.565
174.003
194.648
201.959
180.617
205.14
187.902
210.967
169.116
175.393
203.489
179.782
156.382
190.111
170.978
173.082
171.596
194.947
182.987
182.619
192.344
182.549
192.813
191.481
192.217
166.696
184.285
189.296
185.088
185.826
173.751
189.162
154.102
188.057
191.224
170.183
178.046
165.803
179.703
151.823
197.6
175.019
171.386
180.457
181.752
175.13
187.697
182.8
180.432
193.134
186.012
179.918
173.875
181.356
175.705
183.303
184.673
195.987
172.029
178.873
170.431
172.728
189.383
192.563
155.766
186.98
180.288
184.753
168.797
200.175
195.855
184.61
185.012
186.086
188.962
152.492
161.106
169.86
182.767
147.926
190.481
169.74
197.004
162.17
181.63
189.901
169.142
179.69
172.865
196.242
198.057
187.063
172.123
186.253
197.377
139.961
194.467
178.694
194.262
174.517
184.216
184.124
184.193
185.927
180.075
172.12
157.681
162.112
167.946
178.136
190.055
162.647
180.012
177.914
195.952
195.878
164.349
151.57
181.894
192.818
187.051
191.767
192.77
179.146
202.554
188.994
199.156
175.124
193.986
177.127
190.816
155.231
192.258
152.376
202.126
164.167
170.459
195.907
182.547
179.014
174.684
183.245
196.092
193.444
186.762
175.645
171.805
189.606
189.382
170.715
171.937
153.778
202.591
176.282
178.092
209.515
186.069
184.542
182.413
178.081
183.916
165.054
158.701
195.089
169.746
177.208
177.575
159.409
192.079
174.101
160.576
168.438
188.305
191.45
183.898
159.683
160.613
163.292
194.959
153.104
181.169
189.207
188.365
156.401
173.809
187.551
204.775
199.449
167.164
186.008
187.544
200.596
190.205
181.527
178.716
200.579
185.669
150.217
170.21
188.909
141.024
174.642
169.278
158.53
181.121
153.619
194.933
210.267
180.411
188.483
161.428
178.12
162.253
187.742
177.604
170.341
144.693
194.744
195.66
181.06
179.698
169.588
161.684
180.523
177.194
175.058
172.815
178.23
166.597
209.593
196.714
184.794
160.163
179.948
193.936
167.459
201.099
180.299
175.837
195.296
164.158
178.198
163.255
162.11
176.487
178.136
164.531
183.251
193.192
176.401
176.592
187.588
179.651
173.826
178.227
195.629
188.573
180.649
179.15
178.736
167.867
176.312
169.092
186.45
161.816
179.781
175.229
168.34
184.088
202.527
192.026
171.098
172.226
178.836
170.795
166.058
202.147
208.615
184.769
191.566
181.705
164.459
170.236
198.763
175.323
185.537
185.875
194.091
173.42
223.592
188.794
189.423
182.031
202.135
176.975
181.866
183.418
196.552
179.256
197.013
189.598
191.784
185.62
169.244
167.95
163.989
194.317
207.998
173.42
176.797
190.601
193.069
174.244
198.262
183.026
186.808
170.405
154.989
161.581
170.969
190.194
196.399
185.446
183.736
183.633
183.456
181.307
175.42
169.844
198.391
192.995
178.547
196.117
176.878
145.571
184.149
200.736
175.124
177.487
173.602
197.885
180.272
168.734
199.601
191.825
170.07
178.419
165.397
177.548
202.778
181.432
169.543
166.766
190.746
185.492
177.149
182.059
197.357
190.377
196.026
194.96
211.651
186.708
169.115
200.518
171.59
162.556
183.213
189.859
165.082
178.991
159.481
190.465
170.851
196.067
185.939
189.022
168.011
194.325
186.029
164.987
182.843
204.602
187.561
182.855
199.015
176.221
189.664
173.898
198.623
202.488
170.852
186.149
166.334
198.955
177.058
160.317
182.793
183.373
164.899
186.881
195.808
222.716
185.376
175.372
161.11
191.884
183.662
210.435
191.098
192.505
188.928
178.56
200.441
186.679
188.784
163.633
187.083
173.531
171.854
187.82
190.146
166.852
190.278
181.736
150.859
203.695
179.784
179.316
188.335
167.263
176.298
166.178
161.47
205.001
182.368
192.503
187.814
184.632
183.494
158.438
177.058
190.466
202.994
186.144
181.845
182.403
173.315
210.368
177.714
187.846
178.565
177.131
190.031
163.095
190.263
166.34
188.501
152.982
172.72
196.598
171.502
183.774
158.166
163.205
139.58
185.432
165.575
155.834
183.631
178.527
193.96
182.47
179.981
187.774
181.475
146.952
183.38
177.404
192.581
174.549
157.513
170.626
190.34
170.258
188.699
167.666
178.747
207.796
184.958
193.539
175.534
212.476
197.542
182.096
159.209
166.144
194.361
177.656
191.938
171.815
189.066
187.043
190.118
160.704
200.881
182.267
180.992
203.569
160.936
181.614
197.707
208.379
178.978
163.654
190.715
179.65
184.073
164.748
187.972
180.564
176.0
176.171
182.954
178.46
186.204
181.085
191.065
177.215
175.305
181.02
163.093
180.648
194.085
195.422
177.916
160.742
182.493
174.676
188.528
194.28
201.416
161.186
166.725
185.19
197.298
165.225
168.193
185.641
175.649
150.2
183.863
183.928
199.001
175.239
177.324
201.313
176.825
172.486
176.821
159.134
185.562
177.33
174.229
197.788
162.254
175.958
190.339
187.739
164.65
169.881
200.622
176.833
190.161
165.196
178.305
168.999
193.258
164.958
184.167
204.563
186.711
181.06
175.873
189.897
161.621
188.568
174.538
171.707
168.193
189.191
166.074
180.112
183.453
180.17
190.747
182.786
188.409
167.664
198.577
162.556
187.899
173.854
159.92
177.338
199.37
168.673
205.141
176.447
186.11
199.196
181.205
200.602
190.339
186.908
204.353
166.636
183.917
175.188
193.298
189.713
172.196
214.701
191.634
179.792
142.314
191.154
188.041
187.667
174.261
190.63
194.048
193.847
190.419
184.558
175.002
195.107
180.588
197.487
177.013
169.355
188.779
163.621
155.126
189.698
165.67
203.35
187.693
182.382
175.717
161.435
169.176
174.473
177.664
168.995
186.315
182.527
175.512
155.558
185.779
194.849
191.148
177.651
189.145
175.569
172.613
187.028
188.232
200.915
159.884
179.199
181.173
156.486
205.964
174.966
174.653
180.376
187.179
201.37
193.457
188.733
185.315
182.663
156.273
197.801
171.185
189.131
168.749
193.098
207.759
184.687
179.511
186.838
170.624
170.883
175.136
191.216
181.205
177.497
171.626
198.315
171.305
161.606
160.244
183.993
171.724
180.461
196.952
177.432
186.256
176.92
166.211
176.941
190.206
171.743
171.056
169.174
177.655
177.487
177.37
179.006
181.185
179.792
190.747
178.867
177.447
194.951
168.599
155.022
194.679
189.111
196.744
166.338
198.26
185.99
174.743
169.71
173.51
160.881
183.959
165.665
171.817
200.205
172.75
178.936
172.183
170.041
189.907
198.461
184.419
172.301
194.48
165.285
192.508
195.677
180.032
186.512
189.355
184.554
160.009
187.658
168.929
163.954
181.669
186.581
170.606
189.556
211.039
160.721
183.492
200.533
180.411
187.901
192.051
183.568
185.057
160.831
175.69
149.222
204.081
172.383
188.609
175.218
206.371
168.099
170.929
155.938
187.204
202.471
176.177
190.22
182.756
106.721
173.111
182.911
177.147
205.402
174.424
177.857
193.662
221.518
189.046
169.309
175.146
195.494
164.136
196.365
165.285
191.608
181.43
182.409
175.188
171.813
157.021
176.649
165.073
146.325
169.526
174.836
181.164
167.592
159.433
174.578
177.136
172.181
176.11
178.791
193.474
170.932
159.088
163.541
189.133
187.779
184.816
194.755
181.902
175.05
170.545
196.066
164.402
178.469
183.982
171.232
181.524
174.982
201.1
181.074
168.925
180.23
185.874
185.512
178.474
175.428
175.019
174.877
198.28
177.094
186.286
179.247
157.726
183.295
173.778
165.551
172.717
181.748
183.339
194.943
198.943
190.762
167.497
176.413
199.73
186.826
184.084
177.414
190.062
175.968
185.357
178.734
184.205
167.779
201.71
167.039
202.868
195.282
188.953
181.877
171.017
190.087
168.735
178.735
161.285
166.608
165.213
175.718
202.286
197.7
171.0
165.994
153.33
172.444
181.224
180.78
172.111
183.654
174.758
159.587
170.536
181.568
189.502
190.4
206.138
197.624
193.611
175.952
159.011
186.885
176.798
181.099
201.432
172.702
185.699
174.595
184.09
182.054
190.467
188.294
172.205
181.511
197.336
158.121
176.178
164.328
182.487
165.235
183.887
182.561
137.012
181.759
164.738
147.845
194.493
184.018
187.41
175.598
214.769
194.932
188.968
165.513
174.628
165.195
182.447
193.621
170.161
186.201
182.73
175.338
177.2
174.444
196.282
181.433
180.147
187.191
171.709
199.229
192.151
188.824
170.476
175.57
166.722
162.818
162.503
179.571
166.233
193.849
182.758
180.529
162.664
170.068
179.0
190.045
164.356
176.723
156.064
192.697
171.711
173.152
187.967
179.825
179.091
191.763
179.261
191.015
195.591
191.373
154.46
201.53
168.016
179.549
165.577
162.091
177.817
161.998
201.16
192.551
189.393
152.806
187.565
208.969
198.277
186.167
156.397
193.857
179.268
178.738
156.069
174.785
178.769
163.096
200.366
175.011
162.265
159.871
167.728
152.838
185.973
184.294
177.873
188.641
198.049
185.95
159.639
197.386
179.993
188.922
177.398
173.811
188.346
191.286
169.405
168.139
164.751
205.033
168.963
168.878
170.58
164.78
197.157
184.829
196.94
178.723
173.842
174.399
175.84
183.386
184.859
194.182
167.259
185.139
166.559
197.335
167.621
181.492
176.971
161.186
173.446
189.47
181.957
197.57
194.183
181.605
178.724
199.946
189.285
176.872
164.157
162.14
186.779
157.361
186.444
181.099
202.662
171.734
180.318
193.161
195.075
176.682
179.507
200.076
184.814
174.158
161.969
198.151
181.823
194.196
160.315
177.221
153.42
188.392
179.384
182.641
183.888
184.928
165.154
180.496
197.289
187.991
186.305
172.63
194.012
174.271
197.248
165.296
191.433
184.974
184.093
188.324
169.111
190.297
186.767
176.714
161.471
171.151
180.508
176.337
172.979
157.245
190.475
159.817
150.184
179.892
186.603
153.164
167.723
199.348
169.413
164.128
167.539
207.827
178.799
185.138
168.94
188.221
185.284
157.798
209.91
187.554
188.527
188.83
171.196
170.293
163.515
173.156
205.555
189.128
165.601
180.589
167.471
173.163
193.51
188.144
156.021
178.216
173.996
185.149
169.018
196.009
180.243
191.672
191.906
171.657
187.194
179.942
162.95
157.811
163.548
199.816
183.769
200.505
186.199
167.616
162.008
171.3
181.496
186.777
187.018
179.738
211.267
174.878
174.119
190.097
161.064
183.393
154.911
161.997
165.546
173.397
175.028
182.212
184.389
181.164
189.897
203.979
173.536
171.033
186.581
177.95
155.942
198.909
194.05
183.309
191.406
189.597
193.003
171.612
207.279
184.506
184.456
154.096
184.787
179.668
163.494
198.752
168.27
187.714
170.429
170.328
173.61
171.27
179.68
176.225
162.411
173.707
201.318
163.776
175.798
189.52
180.174
173.33
179.731
177.65
175.212
184.654
200.513
178.623
168.074
180.944
188.759
181.329
170.26
183.157
183.805
186.956
200.856
172.514
190.874
169.56
200.431
175.175
190.862
147.484
165.005
185.04
138.867
181.499
156.355
187.041
167.059
185.299
195.352
188.505
183.123
208.371
178.442
176.614
187.991
181.904
165.022
197.77
189.323
165.102
172.095
198.781
160.479
194.361
196.006
189.083
200.917
199.616
182.336
188.211
192.683
198.579
158.982
189.726
184.915
150.416
199.993
177.151
176.129
188.547
169.896
150.301
150.328
201.709
167.033
205.49
166.27
176.498
175.213
173.241
199.451
173.65
172.142
173.306
200.115
196.829
198.595
182.038
168.38
178.18
160.713
163.906
178.709
187.565
184.931
183.119
166.403
155.696
188.801
177.251
180.144
184.062
173.142
180.771
195.752
151.428
191.734
163.635
178.687
197.885
184.407
173.903
188.5
187.584
202.285
147.471
190.309
156.568
188.955
178.223
187.805
206.751
199.206
153.966
188.676
200.929
178.968
161.57
175.899
163.779
151.38
187.029
204.98
190.813
183.928
173.677
185.046
186.04
175.313
183.514
176.679
194.989
162.208
189.546
185.199
205.781
159.726
189.577
171.127
174.817
187.814
195.3
180.044
177.981
213.576
176.589
207.313
196.113
151.134
204.402
179.777
192.952
176.957
193.76
167.544
176.219
209.793
204.146
170.881
151.191
191.237
161.673
169.093
188.879
177.297
176.079
199.993
190.674
199.518
188.051
186.559
200.078
194.346
168.161
175.08
195.756
176.763
178.262
168.93
167.321
181.293
163.742
184.058
188.923
151.364
188.85
159.646
185.839
175.727
180.072
184.038
184.655
200.597
158.097
149.682
170.252
197.234
160.76
197.216
182.961
168.288
151.876
184.349
173.834
179.707
188.555
168.478
167.447
180.316
185.415
186.366
178.084
178.339
188.409
190.67
173.985
168.668
165.065
164.908
194.235
191.363
176.734
184.977
203.549
188.2
178.653
178.451
195.528
170.257
186.41
198.664
180.09
209.447
196.522
180.603
194.967
151.326
185.97
181.748
181.184
162.654
189.588
184.236
183.344
165.034
190.35
193.949
174.856
198.71
153.152
178.72
190.696
165.233
173.847
143.159
191.956
186.279
193.38
191.253
190.909
203.026
162.782
177.65
149.589
125.326
200.925
170.946
176.263
169.944
173.606
176.799
186.955
158.16
173.656
184.663
170.388
176.679
184.158
171.376
197.882
174.244
173.384
191.583
187.174
189.761
175.817
180.357
213.783
173.928
192.973
159.309
182.921
172.405
200.898
199.155
193.201
183.958
177.702
187.131
173.721
180.639
204.997
197.863
165.155
165.164
192.518
197.787
193.23
192.793
196.618
188.691
160.672
170.032
186.59
158.183
189.195
178.445
192.732
186.481
195.881
164.242
173.867
172.005
175.321
177.574
188.346
186.693
189.841
183.252
172.876
181.974
163.616
180.992
189.629
166.455
182.563
181.145
196.854
176.531
184.932
188.292
172.866
215.181
161.825
195.945
211.635
190.401
179.064
191.403
184.431
189.71
180.288
173.166
176.125
195.105
178.946
170.997
167.606
186.473
184.905
179.715
175.384
187.716
183.825
187.266
183.356
186.968
189.68
180.143
194.824
154.114
193.734
149.846
185.0
198.953
174.801
153.327
197.7
154.55
183.853
214.073
164.216
172.777
167.077
195.68
173.975
212.394
190.884
201.326
200.137
179.417
192.913
196.013
184.675
188.151
184.913
204.364
154.66
154.651
196.9
209.489
167.938
182.577
172.136
189.021
157.167
209.994
209.1
164.887
192.259
199.495
166.059
164.049
185.812
181.972
170.168
178.668
190.823
201.418
175.41
195.46
180.064
176.987
184.807
164.004
173.159
182.981
190.605
190.48
175.988
172.067
173.708
170.378
175.859
173.486
197.046
174.873
180.326
175.721
181.807
179.546
178.997
180.954
176.22
163.333
196.185
187.042
193.272
186.055
182.92
173.26
186.202
190.811
194.337
189.281
182.774
186.033
161.512
213.766
159.4
179.465
196.3
180.861
175.59
197.267
176.314
189.339
169.983
165.305
159.243
185.352
154.043
194.906
171.69
180.707
159.262
203.658
187.787
188.346
198.806
162.162
174.402
180.452
164.996
189.54
187.272
173.375
188.277
170.469
146.978
173.4
197.174
200.29
197.915
177.495
168.434
156.259
180.33
172.288
174.183
169.991
196.57
175.679
184.555
166.91
179.697
169.597
201.79
187.879
177.019
198.279
184.462
193.824
165.076
185.235
192.661
209.852
181.346
168.35
193.004
188.735
166.108
202.211
173.375
177.62
145.103
183.695
201.846
155.374
165.909
190.832
196.307
188.855
186.499
178.462
176.23
178.768
179.431
221.258
171.155
186.059
179.439
187.785
202.256
183.676
186.883
171.489
194.381
184.057
194.446
188.16
178.856
198.854
184.065
202.986
162.985
175.338
185.02
156.48
188.216
171.35
167.591
180.234
181.486
204.497
185.35
162.659
160.061
153.167
147.266
174.464
153.516
198.876
150.888
180.928
180.334
193.037
161.0
186.263
190.034
198.526
174.162
177.565
202.681
160.788
187.552
194.101
179.299
177.268
172.525
173.626
162.031
181.595
192.128
159.09
187.801
195.909
174.367
176.928
173.262
163.479
154.773
191.151
163.581
202.186
187.695
166.203
183.909
196.89
193.257
169.965
162.284
192.752
179.335
169.845
195.568
167.381
177.336
156.976
188.98
153.631
171.39
171.666
166.743
175.932
205.086
198.554
188.057
186.713
178.966
175.866
170.546
195.43
180.459
167.625
194.327
184.423
171.949
191.947
170.619
173.706
178.42
190.302
169.368
154.95
183.401
196.916
183.507
157.54
158.102
168.621
192.955
187.744
190.007
173.385
186.771
178.418
177.583
177.177
177.353
171.13
178.009
166.138
177.577
185.767
181.035
190.906
185.89
198.602
147.983
185.235
178.645
176.109
180.414
190.674
167.645
161.98
195.239
173.863
174.977
139.737
198.04
188.548
190.422
197.467
190.906
174.001
190.774
191.711
172.359
203.363
184.223
183.814
186.76
184.251
176.737
178.916
163.551
184.214
154.082
172.513
154.719
183.073
178.606
177.264
198.043
173.408
138.995
174.819
194.139
171.473
178.711
196.805
171.919
177.558
180.813
174.589
170.55
180.405
164.43
188.802
193.421
189.149
181.218
185.173
184.792
177.167
185.314
175.061
164.204
181.262
189.869
171.474
184.065
183.069
202.831
163.118
191.884
185.168
185.19
170.851
158.557
163.055
170.567
178.843
195.618
204.427
170.861
168.34
190.021
210.435
191.954
208.677
189.404
206.648
168.06
187.835
184.182
197.991
212.217
199.094
196.091
196.267
198.26
155.25
186.189
184.522
181.089
176.759
197.016
181.845
176.635
188.867
172.168
172.898
169.932
212.603
198.183
170.425
178.455
188.353
174.294
171.841
183.305
187.197
194.58
182.534
185.595
163.752
181.456
184.5
186.182
192.149
170.971
174.693
170.976
183.212
176.069
206.287
166.383
193.051
169.619
187.075
204.135
176.141
166.63
171.315
191.95
161.61
151.473
185.202
203.814
177.667
181.452
190.811
185.604
195.76
156.825
166.969
159.653
179.691
172.763
177.923
191.444
173.358
174.61
166.914
150.67
185.16
166.363
152.885
175.681
170.761
179.024
181.528
203.292
198.062
194.118
167.268
188.45
162.201
191.486
155.521
185.291
200.518
190.903
169.331
177.487
199.878
158.552
183.229
183.225
190.748
185.576
173.202
158.366
179.167
150.693
183.625
191.089
178.185
172.925
185.05
189.282
183.778
180.607
182.431
186.799
156.776
180.386
206.208
186.019
184.26
182.391
198.076
193.058
180.345
216.571
158.603
193.37
187.724
186.135
174.477
167.877
195.652
189.264
185.483
176.437
174.518
202.682
192.806
171.779
161.778
205.146
149.443
154.669
167.032
175.563
157.849
199.27
186.304
188.242
168.188
178.709
183.295
190.525
191.612
193.407
187.926
186.905
200.018
169.136
178.081
180.61
189.863
179.009
167.322
173.151
191.264
191.915
170.898
215.933
187.498
216.791
168.081
188.835
175.111
186.79
173.889
184.503
173.301
186.18
171.453
189.067
175.449
183.97
189.717
174.813
170.039
184.255
179.508
175.106
181.294
185.315
191.986
174.953
170.12
173.031
179.59
167.932
182.166
165.396
182.771
158.692
183.945
149.363
174.773
172.984
175.865
171.378
184.941
177.776
199.769
173.721
192.663
186.712
182.941
166.099
192.256
159.588
177.104
148.913
190.007
198.128
187.393
166.296
169.597
174.923
183.14
187.472
189.37
177.197
194.525
189.83
174.65
202.121
187.666
153.271
168.312
183.117
187.533
200.82
147.848
178.87
173.305
195.9
163.699
146.079
163.805
177.793
189.122
180.477
178.048
191.576
185.56
177.748
184.529
162.553
176.005
188.417
181.98
197.335
163.327
153.135
174.557
174.066
175.878
174.395
172.613
160.924
166.654
189.87
189.901
170.949
158.129
183.141
201.315
164.555
188.389
178.007
163.546
179.322
184.85
169.807
160.173
192.575
204.962
192.742
187.26
173.899
187.064
172.109
188.233
176.386
162.127
169.989
177.924
187.185
173.927
171.124
170.077
205.764
200.728
196.043
169.23
198.161
177.045
155.162
197.654
184.739
191.677
199.48
177.203
171.617
193.896
180.767
193.306
172.671
193.458
194.904
182.806
163.452
197.248
190.751
176.313
196.119
190.694
175.85
171.778
164.566
182.793
215.455
175.359
184.829
164.175
211.746
151.45
171.922
211.037
199.886
190.184
181.146
166.103
183.326
151.53
202.731
147.118
208.86
213.262
165.853
187.176
169.696
187.544
180.367
177.963
202.497
166.77
173.586
165.858
173.33
167.214
172.326
185.657
185.695
180.609
184.617
196.535
202.612
158.147
202.588
189.423
196.107
191.006
179.948
201.244
192.545
160.526
194.891
160.536
169.826
170.473
176.14
178.8
185.777
172.709
173.262
176.334
182.177
200.853
173.295
188.641
198.919
164.4
158.359
191.95
180.663
195.482
185.136
161.658
174.964
188.81
186.941
187.11
194.67
181.687
169.811
182.831
182.409
187.615
188.107
186.49
185.436
187.971
202.39
175.938
171.205
174.14
197.894
184.23
174.78
199.345
180.366
169.554
189.099
196.139
182.611
193.472
203.961
191.333
178.86
191.398
192.793
183.76
177.947
178.542
200.267
174.677
204.001
187.824
174.039
176.964
182.785
204.602
192.656
186.288
173.753
192.908
187.321
155.586
206.13
179.142
188.958
188.993
180.476
188.717
191.274
173.062
159.678
166.599
178.879
173.012
175.65
189.321
227.26
198.125
185.799
192.716
188.696
182.096
191.405
204.022
180.121
195.965
169.913
172.856
177.511
192.684
181.599
174.542
197.515
173.282
187.212
167.707
190.288
202.016
174.379
187.592
183.627
202.841
196.812
180.196
178.337
202.839
169.622
170.104
208.977
168.776
192.173
179.326
180.502
172.883
177.923
172.006
185.685
169.144
185.511
183.354
183.675
184.024
185.549
180.078
173.641
183.949
191.023
151.76
211.066
175.126
196.84
184.435
168.954
169.611
187.849
195.679
175.277
191.486
181.127
210.597
165.383
186.082
139.785
173.966
190.11
173.517
183.134
201.944
197.841
177.062
157.072
173.616
160.349
160.529
183.373
186.091
170.436
214.374
188.538
169.288
199.478
161.075
175.488
185.292
167.706
195.323
177.949
202.547
178.066
198.549
171.767
187.577
198.118
189.818
169.537
186.845
174.716
163.122
190.519
190.731
182.714
190.869
192.736
189.958
198.216
184.074
190.811
195.932
165.582
174.419
186.621
199.09
182.228
191.996
199.943
178.951
161.436
186.114
180.251
186.744
185.85
189.727
189.867
200.55
182.484
172.75
178.744
173.152
169.273
196.583
187.762
166.172
189.65
193.326
172.111
177.414
168.436
179.47
190.288
165.454
163.993
161.18
182.9
181.48
196.353
161.227
208.155
153.066
184.106
167.547
181.769
169.327
161.755
192.497
152.4
181.919
176.306
190.39
185.547
209.989
179.683
187.813
194.512
174.031
198.733
173.759
171.911
176.202
200.731
171.005
187.053
165.786
182.832
188.956
177.658
169.507
178.205
172.683
173.377
193.504
168.991
166.761
157.815
182.414
181.803
184.897
173.86
172.834
192.419
171.185
183.674
181.759
183.841
190.946
197.189
185.307
165.359
181.108
171.247
171.757
170.524
183.53
177.725
174.295
186.961
192.963
170.533
201.487
187.475
184.709
183.11
178.909
182.733
205.715
191.137
177.307
159.156
169.985
185.263
180.398
168.22
179.551
183.375
210.654
191.389
143.948
191.082
174.74
169.749
185.969
186.239
215.382
165.31
180.658
196.057
180.019
183.567
184.519
167.966
192.951
191.239
172.463
175.003
175.136
162.587
195.628
186.934
185.434
184.772
174.012
177.68
195.325
186.335
198.628
196.359
181.472
177.692
174.893
178.663
149.95
191.224
164.125
160.559
182.047
196.262
180.809
187.618
154.315
187.232
165.284
167.201
177.766
180.283
172.685
168.841
149.477
162.63
174.776
168.481
172.607
169.37
191.675
155.778
202.711
195.875
182.346
184.829
169.524
189.068
181.719
166.847
177.465
143.307
188.737
195.081
192.432
159.78
176.925
180.313
179.772
173.694
191.098
177.609
178.098
187.76
159.446
194.728
173.944
175.961
191.552
147.976
179.023
184.102
181.624
167.539
138.66
180.389
166.857
201.544
180.677
185.881
176.291
187.477
207.112
178.27
188.522
185.073
172.306
180.157
177.296
178.071
213.579
182.703
152.611
183.605
178.101
183.888
181.513
152.394
185.495
188.327
182.666
183.226
181.657
190.719
173.255
199.095
192.687
178.47
182.997
180.543
184.474
179.789
198.595
189.662
182.792
199.538
180.525
172.528
193.015
174.466
162.489
184.655
185.974
193.27
151.181
180.717
176.981
173.125
179.876
158.161
183.398
180.312
191.35
187.653
192.855
202.096
170.454
191.588
197.93
178.753
170.805
193.613
164.981
181.503
197.895
194.697
191.57
172.15
183.725
171.84
188.003
169.205
191.421
172.665
184.935
220.483
192.499
174.746
219.582
194.019
178.131
186.862
169.722
207.549
159.976
199.106
157.361
178.14
159.966
181.118
159.141
201.348
184.72
182.355
212.107
151.577
188.836
175.108
179.505
190.423
183.691
197.838
195.075
175.013
186.371
163.897
184.496
161.107
184.848
168.748
195.947
183.217
192.933
171.685
181.385
190.878
195.844
146.23
199.234
173.401
204.947
181.685
184.633
174.055
173.598
154.058
175.109
186.249
193.661
170.392
186.133
189.824
179.934
186.553
169.485
181.797
190.98
174.363
186.791
204.949
169.033
188.834
171.076
192.823
177.479
190.851
183.077
166.872
177.821
161.945
208.507
184.034
177.573
189.41
193.718
169.298
203.814
182.758
167.246
175.768
193.732
181.389
202.262
150.724
165.083
158.295
182.572
192.126
171.99
177.049
194.254
166.509
199.174
189.042
172.514
162.272
188.649
168.406
165.177
166.62
185.89
197.566
205.689
170.7
180.781
181.087
170.65
177.797
170.056
191.579
187.842
162.444
178.431
192.205
186.03
186.987
190.923
181.531
196.642
182.945
164.815
177.684
155.88
142.062
176.874
186.67
160.326
174.831
157.646
177.579
177.634
189.487
165.84
168.151
190.677
159.177
191.695
185.2
171.835
161.383
202.797
189.092
186.719
161.026
203.719
171.032
188.357
174.664
183.447
165.457
178.442
171.065
181.707
191.147
191.979
184.318
188.861
165.157
202.921
158.763
203.632
194.302
183.234
175.158
162.778
179.386
184.058
212.471
170.472
178.972
198.243
169.716
213.335
178.542
184.288
145.778
182.017
200.128
190.313
199.876
193.788
194.417
182.646
195.943
201.424
174.275
201.11
163.114
175.534
167.209
165.614
188.68
181.627
162.78
167.043
186.858
194.184
188.324
172.373
188.55
181.172
172.251
182.31
152.014
181.464
157.987
190.246
169.974
188.526
160.166
193.97
188.698
192.611
182.331
171.53
167.57
190.693
161.63
203.498
172.626
202.612
194.673
175.23
166.92
184.21
178.856
199.831
161.159
157.875
178.395
198.526
188.536
202.345
169.601
174.737
166.056
182.605
182.959
157.118
172.231
176.926
182.296
192.526
193.582
175.594
189.673
187.957
154.941
197.086
176.162
175.448
204.72
189.38
187.878
187.141
151.296
191.817
184.781
180.739
160.418
176.392
167.838
221.763
196.931
188.607
182.333
172.163
175.889
177.846
164.299
171.501
183.406
175.6
170.778
175.535
207.652
200.652
180.855
175.913
189.551
189.108
174.527
164.41
194.696
204.92
168.513
182.802
179.998
191.449
167.696
186.228
167.144
192.438
157.275
180.934
182.711
173.464
181.345
176.841
182.457
188.21
186.843
171.173
163.123
168.205
187.893
157.17
186.74
172.401
188.67
183.485
177.74
175.146
192.88
180.311
171.969
167.169
168.565
195.979
166.141
158.52
166.218
177.649
185.897
149.547
162.238
174.505
192.632
200.76
197.307
181.964
152.65
190.771
161.515
175.049
189.405
171.46
171.324
180.906
164.545
194.568
184.085
179.73
174.215
175.034
190.442
199.248
199.56
154.67
193.375
160.951
176.591
170.798
177.266
167.459
179.044
187.277
176.291
187.055
192.243
179.334
172.799
172.894
183.676
180.076
178.133
201.839
175.626
168.648
173.731
185.597
199.327
172.959
196.652
188.93
168.343
185.054
178.298
175.705
189.501
211.689
172.159
194.934
186.209
165.131
176.398
170.955
188.738
192.012
174.163
168.247
177.545
175.93
170.295
163.787
173.428
199.19
193.634
191.872
177.289
195.683
174.655
192.286
197.418
180.374
196.056
162.002
174.152
181.751
187.801
185.324
182.943
196.121
180.613
183.172
194.328
192.034
171.747
199.666
180.872
152.693
189.485
191.634
169.99
185.858
167.137
186.763
172.431
179.52
187.079
199.629
181.822
150.089
197.346
209.349
166.427
179.767
209.381
203.928
180.3
183.189
192.067
219.843
176.122
211.351
179.86
205.026
187.895
186.29
171.812
188.344
178.097
176.124
183.57
186.42
167.72
177.783
183.387
184.657
179.688
197.435
185.026
175.342
154.925
183.44
163.286
194.571
165.031
165.155
202.021
183.003
196.557
184.272
197.299
182.518
183.966
183.897
173.006
212.142
156.29
181.568
182.525
191.87
174.256
208.131
189.21
205.271
166.461
191.474
172.666
192.09
173.953
155.296
182.946
220.819
211.81
167.393
170.053
179.185
174.072
196.363
188.474
189.203
194.34
186.319
171.842
183.857
203.559
166.658
197.962
183.653
184.292
169.509
167.861
190.145
167.83
185.376
140.339
165.672
192.296
186.26
190.968
178.145
186.645
153.238
163.451
144.168
167.071
182.991
198.864
191.371
162.553
178.244
177.855
176.411
170.131
198.955
182.677
175.262
187.067
218.1
187.861
152.279
182.813
183.802
181.85
185.04
164.44
159.795
185.218
203.304
237.441
165.059
185.36
194.243
176.116
192.913
184.006
176.091
181.691
171.656
151.13
198.452
169.094
198.089
174.593
171.136
180.876
164.006
200.391
188.855
177.125
181.146
183.11
160.719
166.436
179.437
179.542
183.443
164.403
181.798
190.034
191.561
175.07
191.235
166.692
174.881
180.306
175.9
170.74
177.832
172.329
179.04
171.57
151.606
213.181
203.627
173.227
172.266
190.513
177.981
165.173
181.405
199.568
190.537
189.806
176.97
168.351
162.71
183.168
183.316
204.974
187.698
179.819
171.222
199.474
174.455
182.72
186.024
200.513
173.982
192.215
193.644
180.87
190.65
202.114
191.587
149.507
172.422
178.202
182.259
174.374
191.234
190.441
192.216
188.505
194.146
161.691
161.433
182.262
155.893
205.825
174.66
176.622
195.492
179.413
166.158
170.19
172.886
179.808
171.456
167.587
181.733
184.024
179.51
215.507
158.535
178.236
156.073
200.413
176.927
191.302
183.793
185.893
166.758
194.402
169.257
178.981
189.494
186.494
178.253
198.483
200.483
165.316
185.098
195.094
170.163
187.32
175.41
181.79
199.838
183.668
175.244
164.598
192.553
164.174
156.123
197.082
175.177
153.807
180.897
162.769
176.634
191.318
176.816
177.441
179.752
163.196
174.934
174.965
190.744
158.778
181.904
180.001
195.505
186.501
189.077
177.733
189.914
165.716
184.897
179.208
185.014
187.196
190.89
163.871
174.278
199.625
189.717
201.337
198.634
190.489
197.567
181.101
204.942
187.116
196.436
172.55
200.855
184.224
187.326
191.51
174.855
168.897
207.376
191.346
172.785
184.831
212.858
188.652
169.149
147.526
176.655
184.971
193.325
187.15
157.359
192.816
162.607
163.829
174.737
168.383
179.036
193.82
196.725
168.344
188.754
213.82
167.984
177.515
183.85
204.995
198.785
188.522
183.014
163.013
180.753
185.888
200.231
148.705
182.735
192.681
179.26
181.843
200.463
193.091
177.427
176.001
196.685
151.359
171.164
178.333
169.487
190.863
192.006
182.543
177.887
191.733
158.172
185.548
193.156
163.761
202.722
192.832
204.732
174.932
179.85
182.363
173.104
170.814
192.912
193.802
165.951
182.112
189.305
173.56
181.07
191.661
172.142
173.258
171.879
196.609
180.151
174.121
166.077
160.977
193.428
200.094
156.692
182.957
152.225
184.664
185.277
155.188
186.007
195.049
178.724
173.194
174.203
191.741
183.601
201.11
169.671
173.638
191.748
171.652
156.581
174.213
167.852
197.829
192.174
193.917
157.536
202.0
179.252
177.752
209.446
174.892
182.023
148.633
194.957
179.194
175.454
164.508
163.786
149.976
181.639
194.508
186.84
166.603
168.489
174.211
194.103
195.961
184.059
166.153
180.381
181.353
190.194
176.686
189.026
180.547
167.912
179.516
171.258
185.908
181.031
185.399
196.353
196.478
151.433
190.467
188.425
203.897
210.288
178.902
187.372
195.161
181.678
165.736
186.074
195.73
182.466
185.994
180.021
174.047
196.933
166.853
173.302
194.52
173.316
207.052
182.501
183.418
213.591
183.625
204.077
178.66
173.928
154.244
184.151
188.473
198.349
149.819
177.37
169.859
205.324
176.216
164.134
182.611
174.025
177.588
202.74
157.717
186.458
177.489
160.215
170.621
183.624
157.612
188.103
183.578
189.146
171.743
181.138
137.815
161.472
182.168
185.77
170.954
194.276
168.86
193.591
170.524
177.448
170.07
192.902
153.98
183.913
169.27
202.662
186.137
187.286
165.541
177.255
176.952
194.333
176.759
179.534
199.704
167.274
181.986
180.323
186.29
164.075
147.955
172.079
169.39
194.24
202.738
172.406
179.403
173.323
202.491
179.64
176.996
190.033
160.641
173.86
169.811
178.139
192.914
164.655
192.796
169.358
175.783
178.828
177.139
168.705
177.363
148.837
192.881
187.224
184.121
178.614
202.514
180.896
196.742
200.274
191.493
172.418
157.857
167.697
172.545
172.708
149.495
188.702
187.859
171.983
179.271
199.611
175.551
186.411
168.586
179.191
168.304
161.882
195.191
183.128
185.336
201.678
179.149
185.708
198.985
161.823
197.645
179.19
193.654
201.372
181.721
202.093
179.09
164.032
177.899
167.084
168.358
176.339
212.42
168.87
180.565
206.337
174.382
179.201
186.843
194.454
161.33
185.756
195.425
197.977
180.757
178.077
178.192
184.638
168.034
193.533
176.536
152.628
166.683
169.462
179.451
198.879
178.032
178.166
173.015
205.952
173.905
168.284
187.218
183.232
175.083
170.887
177.478
187.753
170.445
185.759
167.998
177.574
188.956
173.304
179.504
194.108
186.091
173.765
163.117
184.432
186.665
198.345
198.123
161.277
179.884
193.358
199.356
204.361
159.814
173.469
181.407
187.021
197.19
202.847
191.698
195.731
159.945
194.111
198.17
204.143
191.649
164.661
170.969
182.945
184.671
157.677
185.291
185.341
168.729
178.197
171.621
191.58
175.36
181.454
177.145
170.866
191.719
185.094
186.25
188.301
155.152
181.916
156.56
200.707
193.126
202.865
177.305
173.187
186.96
173.222
185.539
196.819
201.316
194.762
159.59
154.65
175.636
183.233
206.593
172.238
200.582
175.091
174.267
184.367
187.755
179.845
147.987
200.379
174.778
186.107
186.238
174.814
185.623
198.805
201.379
167.95
154.999
210.261
163.716
177.129
165.999
185.59
192.989
194.821
160.536
171.961
174.658
185.173
219.631
182.585
154.846
202.722
171.826
173.944
181.88
196.743
178.526
173.837
173.595
174.677
151.098
158.537
192.435
171.903
209.166
169.148
164.64
201.23
177.181
173.452
183.379
216.819
192.812
190.327
134.021
198.113
186.031
186.573
165.635
174.261
173.416
170.147
190.452
169.228
189.438
190.064
184.096
202.901
169.436
169.779
182.038
175.392
181.038
175.108
204.892
198.434
180.889
186.288
208.0
175.187
195.677
159.486
163.073
193.354
173.402
199.363
156.554
187.616
196.089
199.704
187.461
195.757
164.469
202.934
208.768
177.585
182.489
180.265
169.691
187.7
167.065
169.53
168.288
170.205
179.556
190.788
170.724
197.094
201.206
190.872
191.535
181.128
167.174
199.214
168.271
183.329
212.206
157.704
161.678
187.92
177.538
183.677
193.207
178.408
189.322
177.42
170.76
193.545
179.235
183.068
192.002
165.037
187.242
192.813
175.128
175.833
172.939
147.22
179.234
197.41
181.693
172.552
180.712
183.28
174.826
165.67
176.513
177.992
177.315
182.568
186.041
164.315
171.349
175.484
172.563
193.336
181.967
190.495
181.945
206.185
168.374
170.83
213.433
161.487
181.554
166.328
174.018
201.777
175.166
165.34
170.178
174.635
195.238
178.553
171.908
174.129
180.507
207.176
160.275
178.688
169.682
163.795
180.392
182.925
159.128
179.425
169.349
158.57
212.763
190.75
177.896
205.308
154.246
176.334
167.091
200.263
188.274
155.089
177.362
184.266
212.032
171.918
176.665
190.543
184.352
186.866
191.568
194.458
175.017
173.959
177.51
194.757
186.78
172.15
183.052
181.08
202.589
178.799
177.366
170.065
172.73
192.673
209.002
144.256
173.799
187.409
170.577
200.47
175.926
168.64
163.521
175.084
178.551
173.987
171.138
182.691
192.148
181.78
179.185
154.228
199.21
170.108
176.118
186.129
202.037
190.525
189.305
187.935
191.646
189.765
176.306
156.071
188.788
184.842
203.371
192.675
182.549
177.331
180.527
207.918
175.457
200.514
189.726
172.785
202.803
175.287
194.991
202.436
177.206
210.969
179.666
182.884
195.359
174.132
175.315
198.612
182.25
176.226
179.726
192.1
176.806
198.376
180.611
162.728
